INSTRUMENT_TYPE=PrawlerCTD
SERIALNO=0019
TCALDATE=08-Jan-20
TA0=-1.805367e-004
TA1= 3.224639e-004
TA2=-5.596623e-006
TA3= 2.302304e-007
CCALDATE=08-Jan-20
CG=-9.815526e-001
CH= 1.502120e-001
CI=-4.613842e-004
CJ= 5.603292e-005
CTCOR= 3.250000e-006
CPCOR=-9.570000e-008
WBOTC= 5.201569e-007
PCALDATE=03-Jan-20
PA0=-1.224285e-001
PA1= 2.933582e-003
PA2= 1.781591e-011
PTCA0= 5.247809e+005
PTCA1=-1.406534e+000
PTCA2=-1.895084e-002
PTCB0= 2.506650e+001
PTCB1= 1.000000e-004
PTCB2= 0.000000e+000
PTEMPA0=-6.892865e+001
PTEMPA1= 5.249470e-002
PTEMPA2=-6.340944e-007
