INSTRUMENT_TYPE=SEACATPLUS
SERIALNO=6902
TCALDATE=24-Jan-21
TA0= 1.251621e-003
TA1= 2.708171e-004
TA2=-4.537416e-007
TA3= 1.534071e-007
CCALDATE=24-Jan-21
CG=-9.972872e-001
CH= 1.566225e-001
CI=-5.204347e-004
CJ= 6.449907e-005
CTCOR= 3.250000e-006
CPCOR=-9.570000e-008
PCALDATE=No-Cal
PA0= 1.000000e+000
PA1= 0.000000e+000
PA2= 0.000000e+000
PTCA0= 0.000000e+000
PTCA1= 0.000000e+000
PTCA2= 0.000000e+000
PTCB0= 0.000000e+000
PTCB1= 0.000000e+000
PTCB2= 0.000000e+000
PTEMPA0= 0.000000e+000
PTEMPA1= 0.000000e+000
PTEMPA2= 0.000000e+000
