INSTRUMENT_TYPE=SEACATPLUS
SERIALNO=4607
TCALDATE=25-Nov-15
TA0= 1.133589e-003
TA1= 2.773673e-004
TA2=-1.303783e-006
TA3= 1.925772e-007
CCALDATE=25-Nov-15
CG=-1.025567e+000
CH= 1.328032e-001
CI=-3.029445e-004
CJ= 3.928500e-005
CTCOR= 3.250000e-006
CPCOR=-9.570000e-008
PCALDATE=24-Nov-15
C1=-6.275741e+003
C2=-9.087580e-002
C3= 1.258200e-003
D1= 7.138100e-002
D2= 0.000000e+000
T1= 3.043721e+001
T2=-3.719960e-004
T3= 2.854890e-006
T4= 1.738470e-009
T5= 0.000000e+000
AD590M= 0.00000e+000
AD590B= 0.00000e+000
