SERIALNO=0561
TCALDATE=03-May-23
TA0=-2.843087e-005
TA1= 2.813852e-004
TA2=-2.760967e-006
TA3= 1.706037e-007
PCALDATE=No-Cal
PA0= 1.000000e+000
PA1= 0.000000e+000
PA2= 0.000000e+000
PTCA0= 0.000000e+000
PTCA1= 0.000000e+000
PTCA2= 0.000000e+000
PTCB0= 1.000000e+000
PTCB1= 0.000000e+000
PTCB2= 0.000000e+000
PTHA0= 0.000000e+000
PTHA1= 0.000000e+000
PTHA2= 0.000000e+000
RCALDATE=04-Jan-13
RTCA0= 9.999734e-001
RTCA1= 1.595674e-006
RTCA2=-3.425670e-008
