SERIALNO=1423
TCALDATE=24-Apr-24
TA0= 9.547976e-006
TA1= 2.742178e-004
TA2=-2.240477e-006
TA3= 1.531737e-007
PCALDATE=No-Cal
PA0= 1.000000e+000
PA1= 0.000000e+000
PA2= 0.000000e+000
PTCA0= 0.000000e+000
PTCA1= 0.000000e+000
PTCA2= 0.000000e+000
PTCB0= 0.000000e+000
PTCB1= 0.000000e+000
PTCB2= 0.000000e+000
PTHA0= 2.122026e-314
PTHA1= 1.064918e-306
PTHA2= 1.064860e-306
RCALDATE=No-Cal
RTCA0= 1.000000e+000
RTCA1= 0.000000e+000
RTCA2= 0.000000e+000
