INSTRUMENT_TYPE=SEACATPLUS
SERIALNO=4285
TCALDATE=18-Apr-24
TA0= 1.286472e-003
TA1= 2.512945e-004
TA2= 1.318468e-006
TA3= 9.510491e-008
CCALDATE=18-Apr-24
CG=-1.058384e+000
CH= 1.541466e-001
CI=-3.858993e-004
CJ= 5.035378e-005
CTCOR= 3.250000e-006
CPCOR=-9.570000e-008
PCALDATE=16-Apr-24
C1=-5.275978e+003
C2=-1.092310e-002
C3= 1.028930e-003
D1= 6.342500e-002
D2= 0.000000e+000
T1= 3.008667e+001
T2=-1.839860e-004
T3= 2.763910e-006
T4= 1.636910e-009
T5= 0.000000e+000
AD590M= 0.00000e+000
AD590B= 0.00000e+000
