INSTRUMENT_TYPE=SBE4
SERIALNO=3994
CCALDATE=02-Feb-16
CG=-9.91849250e+000
CH= 1.50852145e+000
CI=-1.67822981e-003
CJ= 2.18627982e-004
CTCOR= 3.25000e-006
CPCOR=-9.57000e-008
