INSTRUMENT_TYPE=SBE3
SERIALNO=0701
TCALDATE=27-Feb-19
TG= 4.81963915e-003
TH= 6.82725680e-004
TI= 3.13748244e-005
TJ= 2.94152700e-006
TF0=1000.0
