SERIALNO=2025
TCALDATE=23-May-21
TA0=-8.302510e-005
TA1= 2.910633e-004
TA2=-3.617184e-006
TA3= 1.889816e-007
CCALDATE=23-May-21
CG=-1.014070e+000
CH= 1.402057e-001
CI=-1.109818e-004
CJ= 3.274569e-005
CTCOR= 3.250000e-006
CPCOR=-9.570000e-008
WBOTC= 9.293406e-007
PCALDATE=No-Cal
PA0= 1.000000e+000
PA1= 0.000000e+000
PA2= 0.000000e+000
PTCA0= 0.000000e+000
PTCA1= 0.000000e+000
PTCA2= 0.000000e+000
PTCSB0= 0.000000e+000
PTCSB1= 0.000000e+000
PTCSB2= 0.000000e+000
RCALDATE=23-May-21
RTCA0= 9.999912e-001
RTCA1= 1.686235e-006
RTCA2=-3.276656e-008
