SERIALNO=2328
TCALDATE=30-Apr-19
TA0=-1.107348e-004
TA1= 3.053856e-004
TA2=-5.121944e-006
TA3= 2.311272e-007
CCALDATE=30-Apr-19
CG=-1.049035e+000
CH= 1.585301e-001
CI=-1.242212e-004
CJ= 3.797787e-005
CTCOR= 3.250000e-006
CPCOR=-9.570000e-008
WBOTC= 6.542869e-006
PCALDATE=No-Cal
PA0= 1.000000e+000
PA1= 0.000000e+000
PA2= 0.000000e+000
PTCA0= 0.000000e+000
PTCA1= 0.000000e+000
PTCA2= 0.000000e+000
PTCSB0= 0.000000e+000
PTCSB1= 0.000000e+000
PTCSB2= 0.000000e+000
RCALDATE=30-Apr-19
RTCA0= 1.000005e+000
RTCA1= 1.612750e-006
RTCA2=-3.153744e-008
