INSTRUMENT_TYPE=SBE43
SERIALNO=3200
OCALDATE=12-Nov-15
SOC= 5.510605e-001
VOFFSET=-5.076323e-001
A=-3.422927e-003
B= 1.650964e-004
C=-2.948730e-006
E= 3.600000e-002
Tau20= 1.320000e+000
