SERIALNO=0970
TCALDATE=11-Jan-25
TA0=-6.516783e-004
TA1= 4.439341e-004
TA2=-1.713411e-005
TA3= 5.827928e-007
PCALDATE=No-Cal
PA0= 1.000000e+000
PA1= 0.000000e+000
PA2= 0.000000e+000
PTCA0= 0.000000e+000
PTCA1= 0.000000e+000
PTCA2= 0.000000e+000
PTCB0= 1.000000e+000
PTCB1= 0.000000e+000
PTCB2= 0.000000e+000
PTHA0= 0.000000e+000
PTHA1= 0.000000e+000
PTHA2= 0.000000e+000
RCALDATE=04-Feb-05
RTCA0= 9.999964e-001
RTCA1= 1.651542e-006
RTCA2=-3.608925e-008
