INSTRUMENT_TYPE=SEACATPLUS
SERIALNO=6902
TCALDATE=18-Nov-15
TA0= 1.237309e-003
TA1= 2.760488e-004
TA2=-1.089576e-006
TA3= 1.791512e-007
CCALDATE=18-Nov-15
CG=-9.961498e-001
CH= 1.563575e-001
CI=-4.726954e-004
CJ= 5.995242e-005
CTCOR= 3.250000e-006
CPCOR=-9.570000e-008
PCALDATE=No-Cal
PA0= 1.000000e+000
PA1= 0.000000e+000
PA2= 0.000000e+000
PTCA0= 0.000000e+000
PTCA1= 0.000000e+000
PTCA2= 0.000000e+000
PTCB0= 0.000000e+000
PTCB1= 0.000000e+000
PTCB2= 0.000000e+000
PTEMPA0= 0.000000e+000
PTEMPA1= 0.000000e+000
PTEMPA2= 0.000000e+000
