SERIALNO=0521
TCALDATE=28-Jan-21
TG= 4.24334617e-003
TH= 6.10073787e-004
TI= 7.17305763e-006
TJ=-1.12596744e-006
CCALDATE=28-Jan-21
CG=-4.06391246e+000
CH= 4.85935604e-001
CI= 9.11367813e-004
CJ=-7.32006058e-006
CTCOR= 3.250000e-006
CPCOR=-9.570000e-008
PCALDATE=No-Cal
PA0= 1.000000e+000
PA1= 0.000000e+000
PA2= 0.000000e+000
SLOPE= 1.000000e+000
OFFSET= 0.000000e+000
