INSTRUMENT_TYPE=SEACATPLUS
SERIALNO=4139
TCALDATE=02-Apr-24
TA0= 1.280654e-003
TA1= 2.541218e-004
TA2= 7.619189e-007
TA3= 1.220921e-007
CCALDATE=02-Apr-24
CG=-1.003225e+000
CH= 1.379424e-001
CI=-3.845628e-004
CJ= 4.544666e-005
CTCOR= 3.250000e-006
CPCOR=-9.570000e-008
PCALDATE=No-Cal
PA0= 1.000000e+000
PA1= 0.000000e+000
PA2= 0.000000e+000
PTCA0= 0.000000e+000
PTCA1= 0.000000e+000
PTCA2= 0.000000e+000
PTCB0= 1.000000e+000
PTCB1= 0.000000e+000
PTCB2= 0.000000e+000
PTEMPA0= 0.000000e+000
PTEMPA1= 0.000000e+000
PTEMPA2= 0.000000e+000
