SERIALNO=0655
TCALDATE=20-Jan-21
TG= 4.17197902e-003
TH= 5.86385788e-004
TI= 2.41154183e-006
TJ=-2.03495949e-006
CCALDATE=20-Jan-21
CG=-3.85670395e+000
CH= 4.60773881e-001
CI= 8.92227465e-004
CJ=-9.26721535e-006
CTCOR= 3.250000e-006
CPCOR=-9.570000e-008
PCALDATE=15-Jan-21
C1=-4.818715e+003
C2= 8.413850e-002
C3= 8.934330e-004
D1= 6.525300e-002
D2= 0.000000e+000
T1= 3.022431e+001
T2=-5.605780e-005
T3= 2.821130e-006
T4= 0.000000e+000
T5= 0.000000e+000
AD590M= 0.00000e+000
AD590B= 0.00000e+000
SLOPE= 1.000116e+000
OFFSET= 1.416397e-001
