SERIALNO=0658
TCALDATE=20-Jan-21
TG= 4.19202456e-003
TH= 5.96167299e-004
TI= 7.70003299e-006
TJ=-8.33087727e-007
CCALDATE=20-Jan-21
CG=-3.95329904e+000
CH= 4.73679969e-001
CI= 3.78405709e-004
CJ= 1.48130106e-005
CTCOR= 3.250000e-006
CPCOR=-9.570000e-008
PCALDATE=15-Jan-21
C1=-4.614960e+003
C2=-7.897250e-002
C3= 8.594230e-004
D1= 6.642100e-002
D2= 0.000000e+000
T1= 3.029930e+001
T2=-4.185800e-004
T3= 2.853680e-006
T4= 0.000000e+000
T5= 0.000000e+000
AD590M= 0.00000e+000
AD590B= 0.00000e+000
SLOPE= 1.000004e+000
OFFSET= 1.065937e+000
