SERIALNO=0416
TCALDATE=12-May-21
TA0= 4.421893e-003
TA1= 6.401155e-004
TA2= 2.637873e-005
TA3= 3.209377e-006
CCALDATE=12-May-21
CG=-1.024849e+001
CH= 1.148520e+000
CI=-2.828695e-003
CJ= 2.793912e-004
CTCOR= 3.250000e-006
CPCOR=-9.570000e-008
