SERIALNO=0415
TCALDATE=06-May-21
TA0= 4.429783e-003
TA1= 6.469557e-004
TA2= 2.664156e-005
TA3= 3.292859e-006
CCALDATE=06-May-21
CG=-1.039224e+001
CH= 1.165899e+000
CI=-2.463119e-003
CJ= 2.652025e-004
CTCOR= 3.250000e-006
CPCOR=-9.570000e-008
