INSTRUMENT_TYPE=SEACATPLUS
SERIALNO=6592
TCALDATE=22-Nov-15
TA0= 1.283527e-003
TA1= 2.580310e-004
TA2= 5.631860e-009
TA3= 1.386881e-007
CCALDATE=22-Nov-15
CG=-1.020949e+000
CH= 1.380096e-001
CI=-2.016637e-004
CJ= 3.304509e-005
CTCOR= 3.250000e-006
CPCOR=-9.570000e-008
PCALDATE=No-Cal
PA0= 1.000000e+000
PA1= 0.000000e+000
PA2= 0.000000e+000
PTCA0= 0.000000e+000
PTCA1= 0.000000e+000
PTCA2= 0.000000e+000
PTCB0= 0.000000e+000
PTCB1= 0.000000e+000
PTCB2= 0.000000e+000
PTEMPA0= 0.000000e+000
PTEMPA1= 0.000000e+000
PTEMPA2= 0.000000e+000
