SERIALNO=5474
TCALDATE=26-Apr-24
TA0=-1.246683e-004
TA1= 3.090895e-004
TA2=-4.532538e-006
TA3= 2.022689e-007
PCALDATE=No-Cal
PA0= 1.000000e+000
PA1= 0.000000e+000
PA2= 0.000000e+000
PTCA0= 0.000000e+000
PTCA1= 0.000000e+000
PTCA2= 0.000000e+000
PTCB0= 0.000000e+000
PTCB1= 0.000000e+000
PTCB2= 0.000000e+000
PTHA0= 1.306916e-309
PTHA1= 2.632684e-308
PTHA2= 6.886426e-313
RCALDATE=No-Cal
RTCA0= 1.000000e+000
RTCA1= 0.000000e+000
RTCA2= 0.000000e+000
