SERIALNO=1851
TCALDATE=24-Apr-19
TA0=-3.897324e-005
TA1= 2.861524e-004
TA2=-3.161674e-006
TA3= 1.794626e-007
CCALDATE=24-Apr-19
CG=-1.027775e+000
CH= 1.404145e-001
CI=-1.448131e-004
CJ= 3.462100e-005
CTCOR= 3.250000e-006
CPCOR=-9.570000e-008
WBOTC= 2.678427e-006
PCALDATE=No-Cal
PA0= 1.000000e+000
PA1= 0.000000e+000
PA2= 0.000000e+000
PTCA0= 0.000000e+000
PTCA1= 0.000000e+000
PTCA2= 0.000000e+000
PTCSB0= 0.000000e+000
PTCSB1= 0.000000e+000
PTCSB2= 0.000000e+000
RCALDATE=24-Apr-19
RTCA0= 9.999841e-001
RTCA1= 1.726222e-006
RTCA2=-3.122296e-008
