SERIALNO=0042
TCALDATE=15-May-19
TA0= 6.921755e-004
TA1= 3.255663e-004
TA2=-6.434695e-006
TA3= 3.569666e-007
CCALDATE=15-May-19
CG=-9.920376e-001
CH= 1.451353e-001
CI=-2.777973e-004
CJ= 4.473028e-005
CTCOR= 3.250000e-006
CPCOR=-9.570000e-008
PCALDATE=10-Apr-19
PA0= 9.734799e-002
PA1= 1.567208e-003
PA2= 7.470692e-012
PTCA0= 5.246553e+005
PTCA1= 6.762066e+000
PTCA2=-1.765956e-001
PTCB0= 2.480350e+001
PTCB1= 3.000000e-004
PTCB2= 0.000000e+000
PTEMPA0=-7.456369e+001
PTEMPA1= 4.927528e+001
PTEMPA2=-2.250414e-001
