SERIALNO=3768
TCALDATE=22-Jun-18
TA0= 1.121131e-004
TA1= 2.524247e-004
TA2=-4.433627e-007
TA3= 1.089903e-007
CCALDATE=22-Jun-18
CG=-1.045415e+000
CH= 1.617330e-001
CI= 2.776234e-005
CJ= 2.656782e-005
CTCOR= 3.250000e-006
CPCOR=-9.570000e-008
WBOTC=-7.313177e-006
PCALDATE=14-Jun-18
PA0= 3.143598e-001
PA1= 6.885091e-002
PA2=-3.837571e-009
PTCA0=-1.693566e+002
PTCA1= 5.694026e-002
PTCA2= 6.418297e-003
PTCSB0= 2.487912e+001
PTCSB1=-1.750000e-004
PTCSB2= 0.000000e+000
RCALDATE=22-Jun-18
RTCA0= 9.999780e-001
RTCA1= 1.786062e-006
RTCA2=-3.301592e-008
