SERIALNO=0042
TCALDATE=09-Aug-02
TA0= 6.769945e-004
TA1= 3.303026e-004
TA2=-6.928559e-006
TA3= 3.741979e-007
CCALDATE=09-Aug-02
CG=-9.907101e-001
CH= 1.447665e-001
CI=-1.567567e-004
CJ= 3.656284e-005
CTCOR= 3.250000e-006
CPCOR=-9.570000e-008
PCALDATE=06-Aug-02
PA0= 1.375185e-001
PA1= 1.564386e-003
PA2= 8.058069e-012
PTEMPA0=-7.529845e+001
PTEMPA1= 5.007260e+001
PTEMPA2=-4.265957e-001
PTCA0= 5.249888e+005
PTCA1= 8.548718e+000
PTCA2=-2.025918e-001
PTCB0= 2.480350e+001
PTCB1= 3.000000e-004
PTCB2= 0.000000e+000
