PCALDATE = 06-Mar-15
C1=-8.560655e+003
C2=-6.593507e-002
C3= 1.867510e-003
D1= 3.904000e-002
D2= 0.000000e+000
T1= 2.903795e+001
T2=-3.382669e-004
T3= 3.374790e-006
T4= 0.000000e+000
T5= 0.000000e+000
AD590M= 1.28164e-002
AD590B=-9.86644e+000
SLOPE= 1.00036
OFFSET=-0.5338
