INSTRUMENT_TYPE=SBE3
SERIALNO=2786
TCALDATE=03-Jun-23
TG= 4.37636659e-003
TH= 6.44251494e-004
TI= 2.28752541e-005
TJ= 2.11988740e-006
TF0=1000.0
