INSTRUMENT_TYPE=SEACATPLUS
SERIALNO=6628
TCALDATE=17-Jan-15
TA0= 1.303729e-003
TA1= 2.617799e-004
TA2=-4.411382e-007
TA3= 1.601218e-007
CCALDATE=17-Jan-15
CG=-1.051683e+000
CH= 1.390881e-001
CI=-2.015885e-004
CJ= 3.256654e-005
CTCOR= 3.250000e-006
CPCOR=-9.570000e-008
PCALDATE=No-Cal
PA0= 1.000000e+000
PA1= 0.000000e+000
PA2= 0.000000e+000
PTCA0= 0.000000e+000
PTCA1= 0.000000e+000
PTCA2= 0.000000e+000
PTCB0= 0.000000e+000
PTCB1= 0.000000e+000
PTCB2= 0.000000e+000
PTEMPA0= 0.000000e+000
PTEMPA1= 0.000000e+000
PTEMPA2= 0.000000e+000
