INSTRUMENT_TYPE=SEACATPLUS
SERIALNO=4139
TCALDATE=30-Apr-19
TA0= 1.288873e-003
TA1= 2.509857e-004
TA2= 1.158528e-006
TA3= 1.054761e-007
CCALDATE=30-Apr-19
CG=-1.003116e+000
CH= 1.380038e-001
CI=-4.214718e-004
CJ= 4.854906e-005
CTCOR= 3.250000e-006
CPCOR=-9.570000e-008
PCALDATE=No-Cal
PA0= 1.000000e+000
PA1= 0.000000e+000
PA2= 0.000000e+000
PTCA0= 0.000000e+000
PTCA1= 0.000000e+000
PTCA2= 0.000000e+000
PTCB0= 1.000000e+000
PTCB1= 0.000000e+000
PTCB2= 0.000000e+000
PTEMPA0= 0.000000e+000
PTEMPA1= 0.000000e+000
PTEMPA2= 0.000000e+000
