INSTRUMENT_TYPE=SBE56
SERIALNO=04739
TCALDATE=09-Aug-14
TA0=-1.136190e-003
TA1= 3.305572e-004
TA2=-5.732002e-006
TA3= 1.841888e-007
