SERIALNO=1858
TCALDATE=05-May-21
TA0=-2.684039e-006
TA1= 2.765840e-004
TA2=-2.332699e-006
TA3= 1.593899e-007
CCALDATE=05-May-21
CG=-1.037232e+000
CH= 1.456644e-001
CI=-2.385371e-004
CJ= 4.687750e-005
CTCOR= 3.250000e-006
CPCOR=-9.570000e-008
WBOTC= 4.648365e-006
PCALDATE=No-Cal
PA0= 1.000000e+000
PA1= 0.000000e+000
PA2= 0.000000e+000
PTCA0= 0.000000e+000
PTCA1= 0.000000e+000
PTCA2= 0.000000e+000
PTCSB0= 0.000000e+000
PTCSB1= 0.000000e+000
PTCSB2= 0.000000e+000
RCALDATE=05-May-21
RTCA0= 9.999893e-001
RTCA1= 1.803682e-006
RTCA2=-3.297504e-008
