SERIALNO=2341
TCALDATE=09-Apr-23
TA0=-3.292319e-004
TA1= 3.625484e-004
TA2=-1.004267e-005
TA3= 3.739016e-007
CCALDATE=09-Apr-23
CG=-1.030786e+000
CH= 1.547438e-001
CI=-2.010100e-004
CJ= 4.514842e-005
CTCOR= 3.250000e-006
CPCOR=-9.570000e-008
WBOTC= 4.097809e-006
PCALDATE=06-Apr-23
PA0=-7.193592e-001
PA1= 6.868954e-002
PA2=-5.114555e-009
PTCA0=-2.379297e+002
PTCA1=-4.678249e-001
PTCA2=-2.597318e-004
PTCSB0= 2.474413e+001
PTCSB1=-5.750000e-004
PTCSB2= 0.000000e+000
RCALDATE=09-Apr-23
RTCA0= 9.999833e-001
RTCA1= 1.621425e-006
RTCA2=-2.735682e-008
