SERIALNO=3770
TCALDATE=25-May-21
TA0=-2.173429e-004
TA1= 3.052160e-004
TA2=-4.208939e-006
TA3= 1.966439e-007
CCALDATE=25-May-21
CG=-1.033282e+000
CH= 1.609995e-001
CI=-4.883296e-005
CJ= 3.410566e-005
CTCOR= 3.250000e-006
CPCOR=-9.570000e-008
WBOTC=-1.029608e-005
PCALDATE=26-Apr-21
PA0= 7.148805e-001
PA1= 6.909585e-002
PA2=-4.466731e-009
PTCA0=-1.458446e+002
PTCA1= 4.557307e-001
PTCA2= 5.461566e-004
PTCSB0= 2.477262e+001
PTCSB1=-1.075000e-003
PTCSB2= 0.000000e+000
RCALDATE=25-May-21
RTCA0= 9.999912e-001
RTCA1= 1.703675e-006
RTCA2=-3.485164e-008
