SERIALNO=0580
TCALDATE=08-May-24
TA0= 2.689430e-005
TA1= 2.698176e-004
TA2=-2.399665e-006
TA3= 1.669233e-007
PCALDATE=No-Cal
PA0= 1.000000e+000
PA1= 0.000000e+000
PA2= 0.000000e+000
PTCA0= 0.000000e+000
PTCA1= 0.000000e+000
PTCA2= 0.000000e+000
PTCB0= 1.000000e+000
PTCB1= 0.000000e+000
PTCB2= 0.000000e+000
PTHA0= 0.000000e+000
PTHA1= 0.000000e+000
PTHA2= 0.000000e+000
RCALDATE=25-Nov-15
RTCA0= 9.999740e-001
RTCA1= 1.679264e-006
RTCA2=-3.761715e-008
