SERIALNO=0024
TCALDATE=30-May-21
TA0=-1.157402e-005
TA1= 2.660864e-004
TA2=-1.225175e-006
TA3= 1.238448e-007
RCALDATE=No-Cal
RTCA0= 1.000000e+000
RTCA1= 0.000000e+000
RTCA2= 0.000000e+000
