SERIALNO=1804
TCALDATE=28-May-21
TA0=-2.828088e-005
TA1= 2.811495e-004
TA2=-2.916062e-006
TA3= 1.717555e-007
CCALDATE=28-May-21
CG=-9.757384e-001
CH= 1.382889e-001
CI=-2.055019e-004
CJ= 3.876989e-005
CTCOR= 3.250000e-006
CPCOR=-9.570000e-008
WBOTC= 2.758088e-006
PCALDATE=No-Cal
PA0= 1.000000e+000
PA1= 0.000000e+000
PA2= 0.000000e+000
PTCA0= 0.000000e+000
PTCA1= 0.000000e+000
PTCA2= 0.000000e+000
PTCSB0= 0.000000e+000
PTCSB1= 0.000000e+000
PTCSB2= 0.000000e+000
RCALDATE=28-May-21
RTCA0= 9.999729e-001
RTCA1= 2.016115e-006
RTCA2=-3.631883e-008
