INSTRUMENT_TYPE=SBE43
SERIALNO=1875
OCALDATE=02-Dec-11
SOC= 4.737407e-001
VOFFSET=-4.884379e-001
A=-2.512806e-003
B= 1.173627e-004
C=-1.975267e-006
E= 3.600000e-002
Tau20= 1.190000e+000
