INSTRUMENT_TYPE=SBE4
SERIALNO=2490
CCALDATE=02-Feb-16
CG=-9.93719015e+000
CH= 1.51407481e+000
CI=-7.75861223e-004
CJ= 1.42351534e-004
CTCOR= 3.25000e-006
CPCOR=-9.57000e-008
