INSTRUMENT_TYPE=SEACATPLUS
SERIALNO=50236
TCALDATE=14-Jan-21
TA0= 1.254948e-003
TA1= 2.738991e-004
TA2=-1.001538e-006
TA3= 1.777133e-007
CCALDATE=14-Jan-21
CG=-9.912425e-001
CH= 1.256431e-001
CI=-1.176950e-004
CJ= 2.557565e-005
CTCOR= 3.250000e-006
CPCOR=-9.570000e-008
PCALDATE=No-Cal
PA0= 1.000000e+000
PA1= 0.000000e+000
PA2= 0.000000e+000
PTCA0= 0.000000e+000
PTCA1= 0.000000e+000
PTCA2= 0.000000e+000
PTCB0= 0.000000e+000
PTCB1= 0.000000e+000
PTCB2= 0.000000e+000
PTEMPA0= 0.000000e+000
PTEMPA1= 0.000000e+000
PTEMPA2= 0.000000e+000
