SERIALNO=1853
TCALDATE=04-May-21
TA0=-1.178150e-004
TA1= 3.045684e-004
TA2=-4.582775e-006
TA3= 2.179104e-007
CCALDATE=04-May-21
CG=-9.873843e-001
CH= 1.360640e-001
CI=-2.419828e-004
CJ= 4.215634e-005
CTCOR= 3.250000e-006
CPCOR=-9.570000e-008
WBOTC= 1.606628e-006
PCALDATE=No-Cal
PA0= 1.000000e+000
PA1= 0.000000e+000
PA2= 0.000000e+000
PTCA0= 0.000000e+000
PTCA1= 0.000000e+000
PTCA2= 0.000000e+000
PTCSB0= 0.000000e+000
PTCSB1= 0.000000e+000
PTCSB2= 0.000000e+000
RCALDATE=04-May-21
RTCA0= 9.999863e-001
RTCA1= 1.632646e-006
RTCA2=-3.020814e-008
