INSTRUMENT_TYPE=SBE43
SERIALNO=0910
OCALDATE=20-Feb-19
SOC= 4.958619e-001
VOFFSET=-5.086652e-001
A=-5.107480e-003
B= 2.114298e-004
C=-3.110477e-006
E= 3.600000e-002
Tau20= 1.770000e+000
