SERIALNO=1805
TCALDATE=30-Jun-23
TA0= 7.210799e-006
TA1= 2.713328e-004
TA2=-2.285967e-006
TA3= 1.446356e-007
PCALDATE=21-Jun-23
PA0= 1.344474e-001
PA1= 2.409514e-002
PA2= 2.939975e-009
PTCA0= 6.788582e+001
PTCA1= 4.132768e-001
PTCA2=-7.140388e-003
PTCB0= 2.504188e+001
PTCB1= 1.175000e-003
PTCB2= 0.000000e+000
PTHA0=-9.286516e+001
PTHA1= 4.436496e-002
PTHA2=-2.486975e-007
RCALDATE=No-Cal
RTCA0= 1.000000e+000
RTCA1= 0.000000e+000
RTCA2= 0.000000e+000
