INSTRUMENT_TYPE=SEACATPLUS
SERIALNO=6629
TCALDATE=28-Apr-19
TA0= 1.229626e-003
TA1= 2.563021e-004
TA2= 1.498524e-007
TA3= 1.306135e-007
CCALDATE=28-Apr-19
CG=-1.051476e+000
CH= 1.460576e-001
CI=-2.040133e-004
CJ= 3.452323e-005
CTCOR= 3.250000e-006
CPCOR=-9.570000e-008
PCALDATE=No-Cal
PA0= 1.000000e+000
PA1= 0.000000e+000
PA2= 0.000000e+000
PTCA0= 0.000000e+000
PTCA1= 0.000000e+000
PTCA2= 0.000000e+000
PTCB0= 0.000000e+000
PTCB1= 0.000000e+000
PTCB2= 0.000000e+000
PTEMPA0= 0.000000e+000
PTEMPA1= 0.000000e+000
PTEMPA2= 0.000000e+000
