INSTRUMENT_TYPE=PrawlerCTD
SERIALNO=0061
TCALDATE=23-Nov-22
TA0=-7.134661e-005
TA1= 3.002448e-004
TA2=-3.929190e-006
TA3= 1.848164e-007
CCALDATE=23-Nov-22
CG=-1.026310e+000
CH= 1.483759e-001
CI=-4.077382e-004
CJ= 4.991577e-005
CTCOR= 3.250000e-006
CPCOR=-9.570000e-008
WBOTC=-1.580285e-007
PCALDATE=21-Nov-22
PA0=-5.541406e-003
PA1= 2.665550e-003
PA2= 1.891741e-011
PTCA0= 5.245805e+005
PTCA1= 2.397991e+000
PTCA2=-1.180490e-001
PTCB0= 2.542675e+001
PTCB1=-2.500000e-004
PTCB2= 0.000000e+000
PTEMPA0=-8.157647e+001
PTEMPA1= 4.657256e-002
PTEMPA2= 1.307481e-008
