INSTRUMENT_TYPE=SBE3
SERIALNO=0701
TCALDATE=17-Nov-15
TG= 4.81946726e-003
TH= 6.82405043e-004
TI= 3.12366029e-005
TJ= 2.92086695e-006
TF0=1000.0
