INSTRUMENT_TYPE=SBE4
SERIALNO=3994
CCALDATE=01-Mar-19
CG=-9.92159684e+000
CH= 1.50955624e+000
CI=-1.99275939e-003
CJ= 2.45212694e-004
CTCOR= 3.25000e-006
CPCOR=-9.57000e-008
