INSTRUMENT_TYPE=SBE4
SERIALNO=2489
CCALDATE=26-Jan-17
CG=-1.03309227e+001
CH= 1.61574700e+000
CI=-2.20491139e-003
CJ= 2.62910330e-004
CTCOR= 3.25000e-006
CPCOR=-9.57000e-008
