SERIALNO=3775
TCALDATE=03-May-23
TA0= 4.029502e-006
TA1= 2.783463e-004
TA2=-2.665621e-006
TA3= 1.595505e-007
PCALDATE=18-Apr-23
PA0=-4.855603e-002
PA1= 4.094633e-002
PA2= 5.634206e-009
PTCA0= 4.834238e+001
PTCA1= 1.301738e-001
PTCA2=-7.840125e-003
PTCB0= 2.555213e+001
PTCB1=-5.750000e-004
PTCB2= 0.000000e+000
PTHA0=-7.967599e+001
PTHA1= 4.957882e-002
PTHA2=-5.000639e-007
RCALDATE=No-Cal
RTCA0= 1.000000e+000
RTCA1= 0.000000e+000
RTCA2= 0.000000e+000
