INSTRUMENT_TYPE=SBE43
SERIALNO=3200
OCALDATE=20-Feb-19
SOC= 5.104345e-001
VOFFSET=-5.072294e-001
A=-4.501426e-003
B= 2.030229e-004
C=-3.139070e-006
E= 3.600000e-002
Tau20= 1.160000e+000
