SERIALNO=2355
TCALDATE=08-Jan-25
TA0=-1.270059e-004
TA1= 2.953780e-004
TA2=-3.935853e-006
TA3= 1.922271e-007
CCALDATE=08-Jan-25
CG=-1.035544e+000
CH= 1.537786e-001
CI=-1.625599e-004
CJ= 3.710919e-005
CTCOR= 3.250000e-006
CPCOR=-9.570000e-008
WBOTC= 7.705015e-006
PCALDATE=06-Jan-25
PA0= 2.662325e-001
PA1= 6.899968e-002
PA2=-8.176184e-009
PTCA0=-1.990876e+002
PTCA1= 5.340987e-001
PTCA2=-1.635212e-002
PTCSB0= 2.481675e+001
PTCSB1=-1.250000e-003
PTCSB2= 0.000000e+000
RCALDATE=08-Jan-25
RTCA0= 9.999751e-001
RTCA1= 1.726215e-006
RTCA2=-3.122285e-008
