SERIALNO=1807
TCALDATE=28-Apr-19
TA0= 3.578195e-006
TA1= 2.768094e-004
TA2=-2.636456e-006
TA3= 1.632392e-007
CCALDATE=28-Apr-19
CG=-9.903130e-001
CH= 1.363905e-001
CI=-1.342165e-004
CJ= 3.282462e-005
CTCOR= 3.250000e-006
CPCOR=-9.570000e-008
WBOTC= 1.205552e-006
PCALDATE=No-Cal
PA0= 1.000000e+000
PA1= 0.000000e+000
PA2= 0.000000e+000
PTCA0= 0.000000e+000
PTCA1= 0.000000e+000
PTCA2= 0.000000e+000
PTCSB0= 0.000000e+000
PTCSB1= 0.000000e+000
PTCSB2= 0.000000e+000
RCALDATE=28-Apr-19
RTCA0= 9.999737e-001
RTCA1= 1.875659e-006
RTCA2=-3.350769e-008
