INSTRUMENT_TYPE=SBE43
SERIALNO=0910
OCALDATE=16-Apr-24
SOC= 4.106450e-001
VOFFSET=-5.038741e-001
A=-1.956624e-003
B= 9.929706e-005
C=-1.652583e-006
E= 3.600000e-002
Tau20= 9.300000e-001
