SERIALNO=2026
TCALDATE=06-May-21
TA0= 3.354950e-005
TA1= 2.671052e-004
TA2=-1.931337e-006
TA3= 1.451051e-007
CCALDATE=06-May-21
CG=-9.260837e-001
CH= 1.439364e-001
CI= 3.035164e-005
CJ= 3.308347e-005
CTCOR= 3.250000e-006
CPCOR=-9.570000e-008
WBOTC=-3.780987e-006
PCALDATE=No-Cal
PA0= 1.000000e+000
PA1= 0.000000e+000
PA2= 0.000000e+000
PTCA0= 0.000000e+000
PTCA1= 0.000000e+000
PTCA2= 0.000000e+000
PTCSB0= 0.000000e+000
PTCSB1= 0.000000e+000
PTCSB2= 0.000000e+000
RCALDATE=06-May-21
RTCA0= 9.999773e-001
RTCA1= 1.809912e-006
RTCA2=-3.220919e-008
