SERIALNO=3769
TCALDATE=08-Jun-23
TA0= 1.233866e-005
TA1= 2.735894e-004
TA2=-2.019961e-006
TA3= 1.498849e-007
CCALDATE=08-Jun-23
CG=-1.053001e+000
CH= 1.396605e-001
CI=-8.267178e-005
CJ= 2.837524e-005
CTCOR= 3.250000e-006
CPCOR=-9.570000e-008
WBOTC=-9.132035e-006
PCALDATE=06-Apr-23
PA0= 1.148344e+000
PA1= 6.878098e-002
PA2=-4.100572e-009
PTCA0=-1.396651e+002
PTCA1= 4.206934e-001
PTCA2= 1.493170e-002
PTCSB0= 2.484900e+001
PTCSB1= 2.000000e-004
PTCSB2= 0.000000e+000
RCALDATE=08-Jun-23
RTCA0= 9.999760e-001
RTCA1= 1.786062e-006
RTCA2=-3.301592e-008
