SERIALNO=3769
TCALDATE=26-May-21
TA0= 1.950111e-006
TA1= 2.811766e-004
TA2=-2.858625e-006
TA3= 1.665209e-007
PCALDATE=18-May-21
PA0= 1.470750e-001
PA1= 4.219781e-002
PA2= 1.811593e-009
PTCA0= 1.254231e+001
PTCA1= 3.099851e-001
PTCA2=-6.892853e-003
PTCB0= 2.484813e+001
PTCB1=-9.750000e-004
PTCB2= 0.000000e+000
PTHA0=-7.578628e+001
PTHA1= 5.058770e-002
PTHA2=-5.480257e-007
RCALDATE=No-Cal
RTCA0= 1.000000e+000
RTCA1= 0.000000e+000
RTCA2= 0.000000e+000
