INSTRUMENT_TYPE=SBE43
SERIALNO=1875
OCALDATE=21-Mar-15
SOC= 5.386953e-001
VOFFSET=-4.946687e-001
A=-4.431026e-003
B= 1.891120e-004
C=-2.321055e-006
E= 3.600000e-002
Tau20= 1.210000e+000
