INSTRUMENT_TYPE=SBE4
SERIALNO=0748
CCALDATE=28-Feb-19
CG=-4.13244674e+000
CH= 4.36343917e-001
CI=-8.55408609e-005
CJ= 2.36221310e-005
CTCOR= 3.25000e-006
CPCOR=-9.57000e-008
