INSTRUMENT_TYPE=SEACATPLUS
SERIALNO=7297
TCALDATE=07-Apr-23
TA0= 1.253282e-003
TA1= 2.730623e-004
TA2=-8.798290e-007
TA3= 1.705201e-007
CCALDATE=07-Apr-23
CG=-9.788967e-001
CH= 1.292653e-001
CI=-3.332412e-004
CJ= 4.013407e-005
CTCOR= 3.250000e-006
CPCOR=-9.570000e-008
PCALDATE=No-Cal
PA0= 1.000000e+000
PA1= 0.000000e+000
PA2= 0.000000e+000
PTCA0= 0.000000e+000
PTCA1= 0.000000e+000
PTCA2= 0.000000e+000
PTCB0= 0.000000e+000
PTCB1= 0.000000e+000
PTCB2= 0.000000e+000
PTEMPA0= 0.000000e+000
PTEMPA1= 0.000000e+000
PTEMPA2= 0.000000e+000
