SERIALNO=2357
TCALDATE=28-Apr-19
TA0=-7.814534e-005
TA1= 2.944318e-004
TA2=-3.759626e-006
TA3= 1.886414e-007
CCALDATE=28-Apr-19
CG=-1.083272e+000
CH= 1.683530e-001
CI=-7.221892e-005
CJ= 3.681039e-005
CTCOR= 3.250000e-006
CPCOR=-9.570000e-008
WBOTC= 1.091046e-005
PCALDATE=08-Apr-19
PA0=-2.527757e+000
PA1= 6.868365e-002
PA2=-3.013380e-009
PTCA0=-2.019291e+002
PTCA1=-1.598175e+000
PTCA2=-5.710390e-003
PTCSB0= 2.487500e+001
PTCSB1= 4.000000e-004
PTCSB2= 0.000000e+000
RCALDATE=28-Apr-19
RTCA0= 9.999972e-001
RTCA1= 1.690208e-006
RTCA2=-3.328949e-008
