INSTRUMENT_TYPE=SBE43
SERIALNO=1875
OCALDATE=19-Jan-17
SOC= 5.695747e-001
VOFFSET=-4.902824e-001
A=-4.321339e-003
B= 1.526313e-004
C=-1.807656e-006
E= 3.600000e-002
Tau20= 1.140000e+000
