INSTRUMENT_TYPE=SEACATPLUS
SERIALNO=4287
TCALDATE=06-Apr-23
TA0= 1.267492e-003
TA1= 2.577207e-004
TA2= 5.676306e-007
TA3= 1.254392e-007
CCALDATE=06-Apr-23
CG=-1.043695e+000
CH= 1.494669e-001
CI=-4.374267e-004
CJ= 5.444697e-005
CTCOR= 3.250000e-006
CPCOR=-9.570000e-008
PCALDATE=27-Mar-23
C1=-5.967412e+003
C2=-3.171060e-002
C3= 1.146750e-003
D1= 6.543200e-002
D2= 0.000000e+000
T1= 2.992230e+001
T2=-2.111430e-004
T3= 2.606630e-006
T4= 1.675570e-009
T5= 0.000000e+000
AD590M= 0.00000e+000
AD590B= 0.00000e+000
