INSTRUMENT_TYPE=SBE56
SERIALNO=04737
TCALDATE=09-Aug-14
TA0=-1.098515e-003
TA1= 3.240989e-004
TA2=-5.365460e-006
TA3= 1.771620e-007
