SERIALNO=1858
TCALDATE=10-Jan-25
TA0=-8.146956e-005
TA1= 2.951942e-004
TA2=-3.797596e-006
TA3= 1.978131e-007
CCALDATE=10-Jan-25
CG=-1.036089e+000
CH= 1.453408e-001
CI=-1.487429e-004
CJ= 3.449718e-005
CTCOR= 3.250000e-006
CPCOR=-9.570000e-008
WBOTC= 4.648365e-006
PCALDATE=No-Cal
PA0= 1.000000e+000
PA1= 0.000000e+000
PA2= 0.000000e+000
PTCA0= 0.000000e+000
PTCA1= 0.000000e+000
PTCA2= 0.000000e+000
PTCSB0= 0.000000e+000
PTCSB1= 0.000000e+000
PTCSB2= 0.000000e+000
RCALDATE=10-Jan-25
RTCA0= 9.999901e-001
RTCA1= 1.726225e-006
RTCA2=-3.122307e-008
