SERIALNO=3766
TCALDATE=05-Jan-25
TA0= 5.348289e-005
TA1= 2.666492e-004
TA2=-1.529151e-006
TA3= 1.364600e-007
CCALDATE=05-Jan-25
CG=-1.048162e+000
CH= 1.348541e-001
CI=-1.404614e-004
CJ= 2.837698e-005
CTCOR= 3.250000e-006
CPCOR=-9.570000e-008
WBOTC=-1.006377e-005
PCALDATE=31-Dec-24
PA0= 2.586697e-001
PA1= 6.932794e-002
PA2=-8.933259e-009
PTCA0=-1.920486e+002
PTCA1= 3.102648e-002
PTCA2= 6.301389e-003
PTCSB0= 2.473400e+001
PTCSB1= 4.000000e-004
PTCSB2= 0.000000e+000
RCALDATE=05-Jan-25
RTCA0= 9.999802e-001
RTCA1= 1.690208e-006
RTCA2=-3.328949e-008
