SERIALNO=3979
TCALDATE=07-May-19
TA0= 2.212833e-005
TA1= 2.672313e-004
TA2=-1.613859e-006
TA3= 1.369058e-007
CCALDATE=07-May-19
CG=-1.018477e+000
CH= 1.476991e-001
CI=-7.932758e-005
CJ= 3.134262e-005
CTCOR= 3.250000e-006
CPCOR=-9.570000e-008
WBOTC=-9.232562e-006
PCALDATE=08-Apr-19
PA0= 1.590111e-001
PA1= 6.901658e-002
PA2=-3.836035e-009
PTCA0=-2.091914e+002
PTCA1= 1.343196e-001
PTCA2=-1.405615e-003
PTCSB0= 2.473987e+001
PTCSB1=-6.250000e-004
PTCSB2= 0.000000e+000
RCALDATE=07-May-19
RTCA0= 9.999902e-001
RTCA1= 1.690212e-006
RTCA2=-3.328961e-008
