SERIALNO=2325
TCALDATE=09-Jul-19
TA0=-4.847786e-004
TA1= 4.068542e-004
TA2=-1.403255e-005
TA3= 4.947647e-007
CCALDATE=09-Jul-19
CG=-9.822258e-001
CH= 1.388537e-001
CI=-1.342522e-004
CJ= 3.621365e-005
CTCOR= 3.250000e-006
CPCOR=-9.570000e-008
WBOTC=-5.981172e-006
PCALDATE=No-Cal
PA0= 1.000000e+000
PA1= 0.000000e+000
PA2= 0.000000e+000
PTCA0= 0.000000e+000
PTCA1= 0.000000e+000
PTCA2= 0.000000e+000
PTCSB0= 0.000000e+000
PTCSB1= 0.000000e+000
PTCSB2= 0.000000e+000
RCALDATE=09-Jul-19
RTCA0= 9.999918e-001
RTCA1= 1.711765e-006
RTCA2=-3.053000e-008
