INSTRUMENT_TYPE=SBE43
SERIALNO=0904
OCALDATE=26-Nov-15
SOC= 4.625337e-001
VOFFSET=-4.833278e-001
A=-3.418155e-003
B= 1.726113e-004
C=-2.518915e-006
E= 3.600000e-002
Tau20= 1.350000e+000
