SERIALNO=1860
TCALDATE=05-May-19
TA0=-1.048393e-004
TA1= 2.957806e-004
TA2=-3.822212e-006
TA3= 1.977357e-007
CCALDATE=05-May-19
CG=-1.028531e+000
CH= 1.433266e-001
CI=-4.783120e-005
CJ= 2.809398e-005
CTCOR= 3.250000e-006
CPCOR=-9.570000e-008
WBOTC= 4.480946e-006
PCALDATE=No-Cal
PA0= 1.000000e+000
PA1= 0.000000e+000
PA2= 0.000000e+000
PTCA0= 0.000000e+000
PTCA1= 0.000000e+000
PTCA2= 0.000000e+000
PTCSB0= 0.000000e+000
PTCSB1= 0.000000e+000
PTCSB2= 0.000000e+000
RCALDATE=05-May-19
RTCA0= 9.999990e-001
RTCA1= 1.789320e-006
RTCA2=-3.482105e-008
