INSTRUMENT_TYPE=SBE56
SERIALNO=04593
TCALDATE=04-Jul-14
TA0=-1.210059e-003
TA1= 3.400429e-004
TA2=-6.232137e-006
TA3= 1.944719e-007
