SERIALNO=3114
TCALDATE=19-May-22
TG= 4.21063262e-003
TH= 5.89600669e-004
TI=-1.59932573e-007
TJ=-2.68885382e-006
CCALDATE=19-May-22
CG=-4.11504621e+000
CH= 4.90169369e-001
CI= 1.53245926e-003
CJ=-3.48919789e-005
CTCOR= 3.250000e-006
CPCOR=-9.570000e-008
PCALDATE=No-Cal
PA0= 1.000000e+000
PA1= 0.000000e+000
PA2= 0.000000e+000
SLOPE= 1.000000e+000
OFFSET= 0.000000e+000
