INSTRUMENT_TYPE=SBE43
SERIALNO=0910
OCALDATE=16-Dec-17
SOC= 4.871536e-001
VOFFSET=-5.010185e-001
A=-4.623432e-003
B= 2.098275e-004
C=-3.443330e-006
E= 3.600000e-002
Tau20= 1.510000e+000
