INSTRUMENT_TYPE=SBE43
SERIALNO=1876
OCALDATE=02-Dec-11
SOC= 5.181969e-001
VOFFSET=-5.155606e-001
A=-1.628914e-003
B= 1.040714e-004
C=-1.877161e-006
E= 3.600000e-002
Tau20= 2.230000e+000
