SERIALNO=1815
TCALDATE=19-Nov-15
TG= 4.17203873e-003
TH= 5.87258325e-004
TI= 1.01194668e-006
TJ=-2.32973825e-006
CCALDATE=19-Nov-15
CG=-4.05367978e+000
CH= 4.84420845e-001
CI= 8.68924691e-004
CJ=-7.70312602e-006
CTCOR= 3.250000e-006
CPCOR=-9.570000e-008
PCALDATE=No-Cal
PA0= 1.000000e+000
PA1= 0.000000e+000
PA2= 0.000000e+000
SLOPE= 1.000000e+000
OFFSET= 0.000000e+000
