SERIALNO=1855
TCALDATE=19-Jul-19
TA0= 3.269554e-005
TA1= 2.655916e-004
TA2=-1.542517e-006
TA3= 1.386991e-007
CCALDATE=19-Jul-19
CG=-9.407582e-001
CH= 1.345434e-001
CI=-8.627272e-005
CJ= 2.888594e-005
CTCOR= 3.250000e-006
CPCOR=-9.570000e-008
WBOTC= 5.735491e-006
PCALDATE=No-Cal
PA0= 1.000000e+000
PA1= 0.000000e+000
PA2= 0.000000e+000
PTCA0= 0.000000e+000
PTCA1= 0.000000e+000
PTCA2= 0.000000e+000
PTCSB0= 0.000000e+000
PTCSB1= 0.000000e+000
PTCSB2= 0.000000e+000
RCALDATE=19-Jul-19
RTCA0= 9.999871e-001
RTCA1= 1.753212e-006
RTCA2=-3.434863e-008
