INSTRUMENT_TYPE=SEACATPLUS
SERIALNO=4607
TCALDATE=03-Jun-22
TA0= 1.149616e-003
TA1= 2.716415e-004
TA2=-6.223561e-007
TA3= 1.655270e-007
CCALDATE=03-Jun-22
CG=-1.026035e+000
CH= 1.330077e-001
CI=-3.699438e-004
CJ= 4.511880e-005
CTCOR= 3.250000e-006
CPCOR=-9.570000e-008
PCALDATE=01-Jun-22
C1=-6.275741e+003
C2=-9.087580e-002
C3= 1.258200e-003
D1= 7.138100e-002
D2= 0.000000e+000
T1= 3.043721e+001
T2=-3.719960e-004
T3= 2.854890e-006
T4= 1.738470e-009
T5= 0.000000e+000
AD590M= 0.00000e+000
AD590B= 0.00000e+000
