SERIALNO=1807
TCALDATE=10-May-24
TA0=-2.086621e-005
TA1= 2.827617e-004
TA2=-3.118674e-006
TA3= 1.762298e-007
CCALDATE=10-May-24
CG=-9.915574e-001
CH= 1.366068e-001
CI=-1.655765e-004
CJ= 3.529737e-005
CTCOR= 3.250000e-006
CPCOR=-9.570000e-008
WBOTC= 1.205552e-006
PCALDATE=No-Cal
PA0= 1.000000e+000
PA1= 0.000000e+000
PA2= 0.000000e+000
PTCA0= 0.000000e+000
PTCA1= 0.000000e+000
PTCA2= 0.000000e+000
PTCSB0= 0.000000e+000
PTCSB1= 0.000000e+000
PTCSB2= 0.000000e+000
RCALDATE=10-May-24
RTCA0= 9.999743e-001
RTCA1= 1.800415e-006
RTCA2=-3.116982e-008
