SERIALNO=1806
TCALDATE=28-May-21
TA0=-6.315754e-006
TA1= 2.815684e-004
TA2=-3.050742e-006
TA3= 1.740802e-007
CCALDATE=28-May-21
CG=-9.959473e-001
CH= 1.356956e-001
CI=-1.992610e-004
CJ= 3.761983e-005
CTCOR= 3.250000e-006
CPCOR=-9.570000e-008
WBOTC= 1.966660e-006
PCALDATE=No-Cal
PA0= 1.000000e+000
PA1= 0.000000e+000
PA2= 0.000000e+000
PTCA0= 0.000000e+000
PTCA1= 0.000000e+000
PTCA2= 0.000000e+000
PTCSB0= 0.000000e+000
PTCSB1= 0.000000e+000
PTCSB2= 0.000000e+000
RCALDATE=28-May-21
RTCA0= 9.999758e-001
RTCA1= 1.822069e-006
RTCA2=-3.094930e-008
