SERIALNO=1842
TCALDATE=14-Sep-22
TA0= 3.998900e-005
TA1= 2.715513e-004
TA2=-2.144720e-006
TA3= 1.508001e-007
CCALDATE=14-Sep-22
CG=-1.001501e+000
CH= 1.427003e-001
CI=-1.166990e-004
CJ= 3.384423e-005
CTCOR= 3.250000e-006
CPCOR=-9.570000e-008
WBOTC= 3.019013e-006
PCALDATE=15-Aug-22
PA0= 7.445474e-002
PA1= 2.414491e-002
PA2= 1.670450e-009
PTCA0= 1.994574e+001
PTCA1= 2.638323e-001
PTCA2=-5.643173e-003
PTCSB0= 2.497563e+001
PTCSB1=-7.500000e-005
PTCSB2= 0.000000e+000
RCALDATE=14-Sep-22
RTCA0= 9.999743e-001
RTCA1= 1.636624e-006
RTCA2=-3.073115e-008
