SERIALNO=1679
TCALDATE=20-Jul-19
TA0= 8.046546e-006
TA1= 2.725063e-004
TA2=-2.075724e-006
TA3= 1.501991e-007
CCALDATE=20-Jul-19
CG=-9.801414e-001
CH= 1.423444e-001
CI=-8.563404e-005
CJ= 3.147393e-005
CTCOR= 3.250000e-006
CPCOR=-9.570000e-008
WBOTC=-7.873895e-006
PCALDATE=No-Cal
PA0= 1.000000e+000
PA1= 0.000000e+000
PA2= 0.000000e+000
PTCA0= 0.000000e+000
PTCA1= 0.000000e+000
PTCA2= 0.000000e+000
PTCSB0= 0.000000e+000
PTCSB1= 0.000000e+000
PTCSB2= 0.000000e+000
RCALDATE=20-Jul-19
RTCA0= 9.999793e-001
RTCA1= 1.857152e-006
RTCA2=-3.299411e-008
