INSTRUMENT_TYPE=SBE4
SERIALNO=2490
CCALDATE=09-Jun-23
CG=-9.95051664e+000
CH= 1.51812404e+000
CI=-1.95117050e-003
CJ= 2.39268385e-004
CTCOR= 3.25000e-006
CPCOR=-9.57000e-008
