INSTRUMENT_TYPE=SEACATPLUS
SERIALNO=4424
TCALDATE=31-Mar-23
TA0= 1.241737e-003
TA1= 2.630638e-004
TA2=-1.665463e-007
TA3= 1.558713e-007
CCALDATE=31-Mar-23
CG=-1.018060e+000
CH= 1.380448e-001
CI=-3.240279e-004
CJ= 4.451202e-005
CTCOR= 3.250000e-006
CPCOR=-9.570000e-008
PCALDATE=No-Cal
PA0= 1.000000e+000
PA1= 0.000000e+000
PA2= 0.000000e+000
PTCA0= 0.000000e+000
PTCA1= 0.000000e+000
PTCA2= 0.000000e+000
PTCB0= 0.000000e+000
PTCB1= 0.000000e+000
PTCB2= 0.000000e+000
PTEMPA0= 0.000000e+000
PTEMPA1= 0.000000e+000
PTEMPA2= 0.000000e+000
