INSTRUMENT_TYPE=SBE56
SERIALNO=04736
TCALDATE=09-Aug-14
TA0=-1.166341e-003
TA1= 3.356546e-004
TA2=-6.067284e-006
TA3= 1.906570e-007
