SERIALNO=1815
TCALDATE=07-Apr-23
TG= 4.17253991e-003
TH= 5.88757041e-004
TI= 2.40688583e-006
TJ=-1.91028116e-006
CCALDATE=07-Apr-23
CG=-4.05062883e+000
CH= 4.84267832e-001
CI= 7.35408211e-004
CJ= 1.97847170e-007
CTCOR= 3.250000e-006
CPCOR=-9.570000e-008
PCALDATE=No-Cal
PA0= 1.000000e+000
PA1= 0.000000e+000
PA2= 0.000000e+000
SLOPE= 1.000000e+000
OFFSET= 0.000000e+000
