INSTRUMENT_TYPE=SBE43
SERIALNO=3200
OCALDATE=19-Jun-23
SOC= 5.022713e-001
VOFFSET=-4.946772e-001
A=-4.306733e-003
B= 1.954576e-004
C=-3.335592e-006
E= 3.600000e-002
Tau20= 1.120000e+000
