SERIALNO=3759
TCALDATE=14-Jan-25
TA0= 8.592071e-006
TA1= 2.810823e-004
TA2=-2.838952e-006
TA3= 1.662363e-007
PCALDATE=02-Jan-25
PA0= 6.174691e-002
PA1= 4.105023e-002
PA2= 6.434967e-009
PTCA0= 5.291641e+001
PTCA1= 2.120054e-001
PTCA2=-6.321606e-003
PTCB0= 2.544213e+001
PTCB1=-5.750000e-004
PTCB2= 0.000000e+000
PTHA0=-7.547519e+001
PTHA1= 4.943416e-002
PTHA2=-2.889271e-007
RCALDATE=No-Cal
RTCA0= 1.000000e+000
RTCA1= 0.000000e+000
RTCA2= 0.000000e+000
