SERIALNO=2341
TCALDATE=22-Jun-18
TA0=-3.055784e-004
TA1= 3.569428e-004
TA2=-9.600693e-006
TA3= 3.623077e-007
CCALDATE=22-Jun-18
CG=-1.029278e+000
CH= 1.542055e-001
CI=-4.696418e-005
CJ= 3.229327e-005
CTCOR= 3.250000e-006
CPCOR=-9.570000e-008
WBOTC= 4.097809e-006
PCALDATE=14-Jun-18
PA0=-3.670711e-001
PA1= 6.868404e-002
PA2=-4.524551e-009
PTCA0=-2.233875e+002
PTCA1=-2.736334e-001
PTCA2= 1.689283e-003
PTCSB0= 2.474413e+001
PTCSB1=-5.750000e-004
PTCSB2= 0.000000e+000
RCALDATE=22-Jun-18
RTCA0= 9.999837e-001
RTCA1= 1.479844e-006
RTCA2=-2.357909e-008
