SERIALNO=0653
TCALDATE=25-Nov-15
TG= 4.22869432e-003
TH= 5.93636191e-004
TI= 7.68363324e-006
TJ=-6.86307406e-007
CCALDATE=25-Nov-15
CG=-3.90538902e+000
CH= 4.67298884e-001
CI= 6.47946379e-004
CJ= 1.09998310e-006
CTCOR= 3.250000e-006
CPCOR=-9.570000e-008
PCALDATE=24-Nov-15
PA0=-3.436364e+003
PA1=-7.166641e-002
PA2= 5.262975e-006
SLOPE= 2.952756e-001
OFFSET=-9.826247e+003
