SERIALNO=0815
TCALDATE=02-May-23
TA0=-9.217675e-005
TA1= 3.078127e-004
TA2=-5.765548e-006
TA3= 2.618871e-007
PCALDATE=No-Cal
PA0= 1.000000e+000
PA1= 0.000000e+000
PA2= 0.000000e+000
PTCA0= 0.000000e+000
PTCA1= 0.000000e+000
PTCA2= 0.000000e+000
PTCB0= 1.000000e+000
PTCB1= 0.000000e+000
PTCB2= 0.000000e+000
PTHA0= 0.000000e+000
PTHA1= 0.000000e+000
PTHA2= 0.000000e+000
RCALDATE=06-Oct-16
RTCA0= 9.999854e-001
RTCA1= 1.651555e-006
RTCA2=-3.608918e-008
