INSTRUMENT_TYPE=SBE43
SERIALNO=0910
OCALDATE=11-Mar-15
SOC= 4.807756e-001
VOFFSET=-5.121905e-001
A=-3.694793e-003
B= 1.649504e-004
C=-2.425490e-006
E= 3.600000e-002
Tau20= 1.220000e+000
