SERIALNO=3765
TCALDATE=30-May-21
TA0= 8.010059e-007
TA1= 2.733464e-004
TA2=-2.121355e-006
TA3= 1.496235e-007
CCALDATE=30-May-21
CG=-1.025883e+000
CH= 1.409426e-001
CI=-1.170217e-004
CJ= 3.032192e-005
CTCOR= 3.250000e-006
CPCOR=-9.570000e-008
WBOTC=-8.705024e-006
PCALDATE=26-Apr-21
PA0= 4.773563e-001
PA1= 6.890845e-002
PA2=-5.142943e-009
PTCA0=-2.300936e+002
PTCA1= 3.417433e-001
PTCA2=-1.567258e-003
PTCSB0= 2.476912e+001
PTCSB1=-7.750000e-004
PTCSB2= 0.000000e+000
RCALDATE=30-May-21
RTCA0= 9.999802e-001
RTCA1= 1.686133e-006
RTCA2=-3.022755e-008
