INSTRUMENT_TYPE=SBE3
SERIALNO=2786
TCALDATE=10-Feb-17
TG= 4.37639263e-003
TH= 6.44299888e-004
TI= 2.29169278e-005
TJ= 2.13033208e-006
TF0=1000.0
