INSTRUMENT_TYPE=SBE4
SERIALNO=0334
CCALDATE=02-Feb-16
CG=-4.22675762e+000
CH= 4.71295381e-001
CI=-3.82752608e-004
CJ= 4.28087623e-005
CTCOR= 3.25000e-006
CPCOR=-9.57000e-008
