SERIALNO=2318
TCALDATE=21-Feb-24
TA0=-5.055139e-004
TA1= 4.008702e-004
TA2=-1.318967e-005
TA3= 4.596521e-007
CCALDATE=21-Feb-24
CG=-9.994575e-001
CH= 1.484875e-001
CI= 7.472459e-005
CJ= 2.429248e-005
CTCOR= 3.250000e-006
CPCOR=-9.570000e-008
WBOTC= 6.014050e-006
PCALDATE=No-Cal
PA0= 1.000000e+000
PA1= 0.000000e+000
PA2= 0.000000e+000
PTCA0= 0.000000e+000
PTCA1= 0.000000e+000
PTCA2= 0.000000e+000
PTCSB0= 0.000000e+000
PTCSB1= 0.000000e+000
PTCSB2= 0.000000e+000
RCALDATE=21-Feb-24
RTCA0= 9.999952e-001
RTCA1= 1.526423e-006
RTCA2=-3.285106e-008
