INSTRUMENT_TYPE=SBE3
SERIALNO=5584
TCALDATE=27-Jan-17
TG= 4.32873369e-003
TH= 6.29102933e-004
TI= 1.91299092e-005
TJ= 1.26564108e-006
TF0=1000.0
