SERIALNO=2332
TCALDATE=24-Apr-19
TA0=-2.349192e-005
TA1= 2.882197e-004
TA2=-4.049988e-006
TA3= 2.138575e-007
CCALDATE=24-Apr-19
CG=-9.955101e-001
CH= 1.497954e-001
CI=-1.169225e-004
CJ= 3.608189e-005
CTCOR= 3.250000e-006
CPCOR=-9.570000e-008
WBOTC= 5.332903e-006
PCALDATE=08-Apr-19
PA0= 4.773307e-001
PA1= 6.879863e-002
PA2=-4.215213e-009
PTCA0=-1.933679e+002
PTCA1= 4.512556e-001
PTCA2=-6.141093e-003
PTCSB0= 2.486613e+001
PTCSB1=-1.750000e-004
PTCSB2= 0.000000e+000
RCALDATE=24-Apr-19
RTCA0= 9.999732e-001
RTCA1= 1.690106e-006
RTCA2=-3.075040e-008
