INSTRUMENT_TYPE=SBE4
SERIALNO=2490
CCALDATE=01-Mar-19
CG=-9.94048558e+000
CH= 1.51516893e+000
CI=-1.07937360e-003
CJ= 1.68358396e-004
CTCOR= 3.25000e-006
CPCOR=-9.57000e-008
