SERIALNO=1637
TCALDATE=02-May-23
TA0=-1.964193e-004
TA1= 3.080051e-004
TA2=-4.466158e-006
TA3= 2.079099e-007
PCALDATE=18-Apr-23
PA0= 1.368437e-001
PA1= 2.395743e-002
PA2= 1.424663e-009
PTCA0= 9.909489e+001
PTCA1= 5.253572e-001
PTCA2=-1.211098e-002
PTCB0= 2.524750e+001
PTCB1=-2.900000e-003
PTCB2= 0.000000e+000
PTHA0=-8.959557e+001
PTHA1= 4.578094e-002
PTHA2=-4.121286e-007
RCALDATE=No-Cal
RTCA0= 1.000000e+000
RTCA1= 0.000000e+000
RTCA2= 0.000000e+000
