SERIALNO=1527
TCALDATE=07-Aug-22
TA0=-8.365809e-006
TA1= 2.750147e-004
TA2=-2.256190e-006
TA3= 1.554333e-007
CCALDATE=07-Aug-22
CG=-1.023269e+000
CH= 1.557606e-001
CI= 8.259204e-005
CJ= 2.330498e-005
CTCOR= 3.250000e-006
CPCOR=-9.570000e-008
WBOTC= 1.627639e-006
PCALDATE=No-Cal
PA0= 1.000000e+000
PA1= 0.000000e+000
PA2= 0.000000e+000
PTCA0= 0.000000e+000
PTCA1= 0.000000e+000
PTCA2= 0.000000e+000
PTCSB0= 0.000000e+000
PTCSB1= 0.000000e+000
PTCSB2= 0.000000e+000
RCALDATE=07-Aug-22
RTCA0= 9.999803e-001
RTCA1= 1.650119e-006
RTCA2=-3.229401e-008
