SERIALNO=1637
TCALDATE=14-Jan-25
TA0=-1.938669e-004
TA1= 3.074345e-004
TA2=-4.423946e-006
TA3= 2.068763e-007
PCALDATE=03-Jan-25
PA0= 7.296817e-002
PA1= 2.395120e-002
PA2= 1.692324e-009
PTCA0= 9.955325e+001
PTCA1= 3.590554e-001
PTCA2=-1.016604e-002
PTCB0= 2.524750e+001
PTCB1=-2.900000e-003
PTCB2= 0.000000e+000
PTHA0=-8.960589e+001
PTHA1= 4.580435e-002
PTHA2=-4.237656e-007
RCALDATE=No-Cal
RTCA0= 1.000000e+000
RTCA1= 0.000000e+000
RTCA2= 0.000000e+000
