INSTRUMENT_TYPE=SEACATPLUS
SERIALNO=4139
TCALDATE=20-Nov-15
TA0= 1.278634e-003
TA1= 2.548519e-004
TA2= 6.742429e-007
TA3= 1.255846e-007
CCALDATE=20-Nov-15
CG=-1.002528e+000
CH= 1.378350e-001
CI=-3.822477e-004
CJ= 4.554487e-005
CTCOR= 3.250000e-006
CPCOR=-9.570000e-008
PCALDATE=No-Cal
PA0= 1.000000e+000
PA1= 0.000000e+000
PA2= 0.000000e+000
PTCA0= 0.000000e+000
PTCA1= 0.000000e+000
PTCA2= 0.000000e+000
PTCB0= 1.000000e+000
PTCB1= 0.000000e+000
PTCB2= 0.000000e+000
PTEMPA0= 0.000000e+000
PTEMPA1= 0.000000e+000
PTEMPA2= 0.000000e+000
