INSTRUMENT_TYPE=SEACATPLUS
SERIALNO=7020
TCALDATE=19-Nov-15
TA0= 1.244439e-003
TA1= 2.771546e-004
TA2=-1.330957e-006
TA3= 1.900665e-007
CCALDATE=19-Nov-15
CG=-9.816334e-001
CH= 1.232440e-001
CI=-3.183596e-004
CJ= 3.827059e-005
CTCOR= 3.250000e-006
CPCOR=-9.570000e-008
PCALDATE=No-Cal
PA0= 1.000000e+000
PA1= 0.000000e+000
PA2= 0.000000e+000
PTCA0= 0.000000e+000
PTCA1= 0.000000e+000
PTCA2= 0.000000e+000
PTCB0= 0.000000e+000
PTCB1= 0.000000e+000
PTCB2= 0.000000e+000
PTEMPA0= 0.000000e+000
PTEMPA1= 0.000000e+000
PTEMPA2= 0.000000e+000
