SERIALNO=0043
TCALDATE=09-Aug-02
TA0= 8.375105e-004
TA1= 2.824951e-004
TA2=-2.174871e-006
TA3= 2.185494e-007
CCALDATE=09-Aug-02
CG=-1.002498e+000
CH= 1.391370e-001
CI=-2.328585e-004
CJ= 3.724446e-005
CTCOR= 3.250000e-006
CPCOR=-9.570000e-008
PCALDATE=06-Aug-02
PA0= 1.458446e-001
PA1= 1.558426e-003
PA2= 7.800213e-012
PTEMPA0=-7.548289e+001
PTEMPA1= 5.142958e+001
PTEMPA2=-7.500714e-001
PTCA0= 5.254268e+005
PTCA1= 1.010303e+001
PTCA2=-2.547289e-001
PTCB0= 2.492563e+001
PTCB1= 7.250000e-004
PTCB2= 0.000000e+000
