INSTRUMENT_TYPE=SEACATPLUS
SERIALNO=7297
TCALDATE=22-Mar-13
TA0= 1.241662e-003
TA1= 2.773686e-004
TA2=-1.409910e-006
TA3= 1.922253e-007
CCALDATE=22-Mar-13
CG=-9.796064e-001
CH= 1.294055e-001
CI=-3.495165e-004
CJ= 4.057576e-005
CTCOR= 3.250000e-006
CPCOR=-9.570000e-008
PCALDATE=No-Cal
PA0= 1.000000e+000
PA1= 0.000000e+000
PA2= 0.000000e+000
PTCA0= 0.000000e+000
PTCA1= 0.000000e+000
PTCA2= 0.000000e+000
PTCB0= 0.000000e+000
PTCB1= 0.000000e+000
PTCB2= 0.000000e+000
PTEMPA0= 0.000000e+000
PTEMPA1= 0.000000e+000
PTEMPA2= 0.000000e+000
