SERIALNO=0992
TCALDATE=14-Feb-24
TA0= 6.075861e-005
TA1= 2.679004e-004
TA2=-2.007415e-006
TA3= 1.393357e-007
PCALDATE=12-Feb-24
PA0= 1.394453e+000
PA1= 2.411068e-002
PA2= 1.376565e-009
PTCA0=-2.623504e+000
PTCA1= 3.450756e+000
PTCA2=-3.971575e-002
PTCB0= 2.499963e+001
PTCB1=-6.750000e-004
PTCB2= 0.000000e+000
PTHA0=-6.229620e+001
PTHA1= 5.111524e-002
PTHA2=-9.483746e-008
RCALDATE=01-Dec-15
RTCA0= 9.999772e-001
RTCA1= 1.563622e-006
RTCA2=-3.397688e-008
