SERIALNO=0043
TCALDATE=31-May-17
TA0= 8.334917e-004
TA1= 2.855504e-004
TA2=-2.619344e-006
TA3= 2.039831e-007
CCALDATE=31-May-17
CG=-1.008881e+000
CH= 1.396813e-001
CI=-1.246556e-004
CJ= 3.041432e-005
CTCOR= 3.250000e-006
CPCOR=-9.570000e-008
PCALDATE=25-May-17
PA0= 9.661790e-002
PA1= 1.560610e-003
PA2= 7.689922e-012
PTCA0= 5.251411e+005
PTCA1= 7.029502e+000
PTCA2=-1.828187e-001
PTCB0= 2.492563e+001
PTCB1= 7.250000e-004
PTCB2= 0.000000e+000
PTEMPA0=-7.809776e+001
PTEMPA1= 5.416486e+001
PTEMPA2=-1.488126e+000
