INSTRUMENT_TYPE=SBE3
SERIALNO=0696
TCALDATE=02-Feb-16
TG= 4.84724616e-003
TH= 6.90226634e-004
TI= 3.36423696e-005
TJ= 3.21559427e-006
TF0=1000.0
