INSTRUMENT_TYPE=SEACATPLUS
SERIALNO=6627
TCALDATE=12-Jan-25
TA0= 1.282061e-003
TA1= 2.579546e-004
TA2= 3.918750e-008
TA3= 1.366799e-007
CCALDATE=12-Jan-25
CG=-1.034251e+000
CH= 1.373883e-001
CI=-1.882482e-004
CJ= 3.135037e-005
CTCOR= 3.250000e-006
CPCOR=-9.570000e-008
PCALDATE=No-Cal
PA0= 1.000000e+000
PA1= 0.000000e+000
PA2= 0.000000e+000
PTCA0= 0.000000e+000
PTCA1= 0.000000e+000
PTCA2= 0.000000e+000
PTCB0= 0.000000e+000
PTCB1= 0.000000e+000
PTCB2= 0.000000e+000
PTEMPA0= 0.000000e+000
PTEMPA1= 0.000000e+000
PTEMPA2= 0.000000e+000
