SERIALNO=1623
TCALDATE=03-May-23
TA0=-1.927734e-005
TA1= 2.790279e-004
TA2=-2.532001e-006
TA3= 1.624827e-007
PCALDATE=18-Apr-23
PA0= 1.956598e-001
PA1= 2.410335e-002
PA2= 1.537874e-009
PTCA0=-5.843260e+002
PTCA1= 4.359315e-001
PTCA2=-2.963696e-003
PTCB0= 2.431613e+001
PTCB1=-1.575000e-003
PTCB2= 0.000000e+000
PTHA0=-9.224831e+001
PTHA1= 4.448885e-002
PTHA2=-2.795076e-007
RCALDATE=No-Cal
RTCA0= 1.000000e+000
RTCA1= 0.000000e+000
RTCA2= 0.000000e+000
