INSTRUMENT_TYPE=SBE3
SERIALNO=0696
TCALDATE=07-Mar-15
TG= 4.84768970e-003
TH= 6.90881981e-004
TI= 3.39567717e-005
TJ= 3.26568174e-006
TF0=1000.0
