INSTRUMENT_TYPE=SBE43
SERIALNO=0904
OCALDATE=22-Feb-20
SOC= 3.191756e-001
VOFFSET=-6.832017e-001
A=-5.207686e-003
B= 2.238707e-004
C=-3.047057e-006
E= 3.600000e-002
Tau20= 1.930000e+000
