SERIALNO=2022
TCALDATE=19-Jun-18
TA0=-1.740203e-005
TA1= 2.787844e-004
TA2=-2.684683e-006
TA3= 1.648029e-007
CCALDATE=19-Jun-18
CG=-9.858423e-001
CH= 1.389875e-001
CI=-1.660257e-004
CJ= 3.336949e-005
CTCOR= 3.250000e-006
CPCOR=-9.570000e-008
WBOTC= 1.898952e-005
PCALDATE=No-Cal
PA0= 1.000000e+000
PA1= 0.000000e+000
PA2= 0.000000e+000
PTCA0= 0.000000e+000
PTCA1= 0.000000e+000
PTCA2= 0.000000e+000
PTCSB0= 0.000000e+000
PTCSB1= 0.000000e+000
PTCSB2= 0.000000e+000
RCALDATE=19-Jun-18
RTCA0= 9.999870e-001
RTCA1= 1.786060e-006
RTCA2=-3.301585e-008
