SERIALNO=4285
TCALDATE=17-Jan-21
TA0=-1.334659e-005
TA1= 2.721684e-004
TA2=-2.053017e-006
TA3= 1.455393e-007
CCALDATE=07-Feb-21
CG=-1.035327e+000
CH= 1.435810e-001
CI=-3.130342e-004
CJ= 4.810219e-005
CTCOR= 3.250000e-006
CPCOR=-9.570000e-008
WBOTC=-1.223294e-005
PCALDATE=08-Jan-21
PA0= 3.763110e-001
PA1= 6.881189e-002
PA2=-3.447400e-009
PTCA0=-1.314282e+002
PTCA1= 1.824841e-001
PTCA2= 2.458381e-003
PTCSB0= 2.491525e+001
PTCSB1=-1.500000e-004
PTCSB2= 0.000000e+000
RCALDATE=07-Feb-21
RTCA0= 9.999790e-001
RTCA1= 1.779702e-006
RTCA2=-3.124214e-008
