SERIALNO=3979
TCALDATE=12-Mar-24
TA0= 4.178148e-006
TA1= 2.715047e-004
TA2=-1.952792e-006
TA3= 1.458607e-007
CCALDATE=12-Mar-24
CG=-1.018214e+000
CH= 1.475775e-001
CI=-3.804077e-005
CJ= 2.828754e-005
CTCOR= 3.250000e-006
CPCOR=-9.570000e-008
WBOTC=-9.232562e-006
PCALDATE=07-Feb-24
PA0= 1.170576e-001
PA1= 6.902783e-002
PA2=-4.154254e-009
PTCA0=-2.076504e+002
PTCA1= 7.561636e-002
PTCA2= 1.325046e-004
PTCSB0= 2.473987e+001
PTCSB1=-6.250000e-004
PTCSB2= 0.000000e+000
RCALDATE=12-Mar-24
RTCA0= 9.999903e-001
RTCA1= 1.640597e-006
RTCA2=-3.125409e-008
