SERIALNO=3115
TCALDATE=12-Mar-15
TG= 4.18012788e-003
TH= 5.97576489e-004
TI= 5.77148213e-006
TJ=-1.81475707e-006
CCALDATE=12-Mar-15
CG=-4.02935566e+000
CH= 4.80184090e-001
CI= 1.39778425e-003
CJ=-3.24702332e-005
CTCOR= 3.250000e-006
CPCOR=-9.570000e-008
PCALDATE=03-Mar-15
C1=-6.422368e+003
C2=-4.173120e-002
C3= 1.254520e-003
D1= 7.199900e-002
D2= 0.000000e+000
T1= 2.997013e+001
T2=-2.611270e-004
T3= 2.600060e-006
T4= 2.040210e-009
T5= 0.000000e+000
AD590M= 0.00000e+000
AD590B= 0.00000e+000
SLOPE= 1.000170e+000
OFFSET= 3.497267e-001
