SERIALNO=2357
TCALDATE=04-Jun-23
TA0=-6.168445e-005
TA1= 2.905642e-004
TA2=-3.456732e-006
TA3= 1.807371e-007
CCALDATE=04-Jun-23
CG=-1.082200e+000
CH= 1.683678e-001
CI=-1.610638e-004
CJ= 4.390003e-005
CTCOR= 3.250000e-006
CPCOR=-9.570000e-008
WBOTC= 1.091046e-005
PCALDATE=06-Apr-23
PA0=-3.228941e+000
PA1= 6.871986e-002
PA2=-4.915122e-009
PTCA0=-1.924666e+002
PTCA1=-1.768525e+000
PTCA2=-1.240459e-002
PTCSB0= 2.487500e+001
PTCSB1= 4.000000e-004
PTCSB2= 0.000000e+000
RCALDATE=04-Jun-23
RTCA0= 9.999973e-001
RTCA1= 1.640597e-006
RTCA2=-3.125409e-008
