SERIALNO=3115
TCALDATE=07-May-24
TG= 4.18147099e-003
TH= 6.01214391e-004
TI= 8.89520323e-006
TJ=-9.59251154e-007
CCALDATE=07-May-24
CG=-4.02557761e+000
CH= 4.79902037e-001
CI= 1.35480523e-003
CJ=-3.16519791e-005
CTCOR= 3.250000e-006
CPCOR=-9.570000e-008
PCALDATE=16-Apr-24
C1=-6.422368e+003
C2=-4.173120e-002
C3= 1.254520e-003
D1= 7.199900e-002
D2= 0.000000e+000
T1= 2.997013e+001
T2=-2.611270e-004
T3= 2.600060e-006
T4= 2.040210e-009
T5= 0.000000e+000
AD590M= 0.00000e+000
AD590B= 0.00000e+000
SLOPE= 9.999934e-001
OFFSET= 1.314617e-001
