SERIALNO=2332
TCALDATE=08-Jan-25
TA0=-1.847287e-005
TA1= 2.870372e-004
TA2=-3.958331e-006
TA3= 2.115210e-007
CCALDATE=08-Jan-25
CG=-9.961690e-001
CH= 1.497076e-001
CI=-1.814721e-005
CJ= 2.571728e-005
CTCOR= 3.250000e-006
CPCOR=-9.570000e-008
WBOTC= 5.332903e-006
PCALDATE=06-Jan-25
PA0= 5.587390e-001
PA1= 6.890666e-002
PA2=-7.955500e-009
PTCA0=-1.974403e+002
PTCA1=-8.313189e-001
PTCA2= 5.552694e-002
PTCSB0= 2.486613e+001
PTCSB1=-1.750000e-004
PTCSB2= 0.000000e+000
RCALDATE=08-Jan-25
RTCA0= 9.999742e-001
RTCA1= 1.682964e-006
RTCA2=-3.096121e-008
