SERIALNO=2024
TCALDATE=19-Jun-18
TA0=-5.074482e-005
TA1= 2.865363e-004
TA2=-3.291062e-006
TA3= 1.818167e-007
CCALDATE=19-Jun-18
CG=-9.954979e-001
CH= 1.474281e-001
CI=-9.621156e-005
CJ= 3.343230e-005
CTCOR= 3.250000e-006
CPCOR=-9.570000e-008
WBOTC= 3.816074e-006
PCALDATE=No-Cal
PA0= 1.000000e+000
PA1= 0.000000e+000
PA2= 0.000000e+000
PTCA0= 0.000000e+000
PTCA1= 0.000000e+000
PTCA2= 0.000000e+000
PTCSB0= 0.000000e+000
PTCSB1= 0.000000e+000
PTCSB2= 0.000000e+000
RCALDATE=19-Jun-18
RTCA0= 9.999752e-001
RTCA1= 1.690103e-006
RTCA2=-3.075030e-008
