SERIALNO=2321
TCALDATE=28-Apr-19
TA0=-4.205821e-005
TA1= 2.920891e-004
TA2=-4.020465e-006
TA3= 2.007261e-007
CCALDATE=28-Apr-19
CG=-9.765450e-001
CH= 1.317799e-001
CI=-1.491148e-004
CJ= 3.173502e-005
CTCOR= 3.250000e-006
CPCOR=-9.570000e-008
WBOTC=-4.129372e-006
PCALDATE=No-Cal
PA0= 1.000000e+000
PA1= 0.000000e+000
PA2= 0.000000e+000
PTCA0= 0.000000e+000
PTCA1= 0.000000e+000
PTCA2= 0.000000e+000
PTCSB0= 0.000000e+000
PTCSB1= 0.000000e+000
PTCSB2= 0.000000e+000
RCALDATE=28-Apr-19
RTCA0= 9.999992e-001
RTCA1= 1.699730e-006
RTCA2=-3.432941e-008
