SERIALNO=3764
TCALDATE=09-Apr-23
TA0= 4.293716e-005
TA1= 2.638621e-004
TA2=-1.348192e-006
TA3= 1.321081e-007
CCALDATE=09-Apr-23
CG=-1.043550e+000
CH= 1.635615e-001
CI=-2.996445e-004
CJ= 4.631721e-005
CTCOR= 3.250000e-006
CPCOR=-9.570000e-008
WBOTC= 9.490180e-006
PCALDATE=06-Apr-23
PA0= 1.411473e-001
PA1= 6.936929e-002
PA2=-3.758285e-009
PTCA0=-2.495312e+002
PTCA1= 2.579110e-001
PTCA2=-7.381431e-003
PTCSB0= 2.462988e+001
PTCSB1= 1.750000e-004
PTCSB2= 0.000000e+000
RCALDATE=09-Apr-23
RTCA0= 9.999834e-001
RTCA1= 1.600600e-006
RTCA2=-3.279745e-008
