INSTRUMENT_TYPE=SBE43
SERIALNO=1875
OCALDATE=16-Dec-17
SOC= 5.837474e-001
VOFFSET=-4.826353e-001
A=-4.920061e-003
B= 2.485149e-004
C=-3.979160e-006
E= 3.600000e-002
Tau20= 2.290000e+000
