INSTRUMENT_TYPE=SBE43
SERIALNO=3200
OCALDATE=19-Jan-17
SOC= 5.823533e-001
VOFFSET=-5.113204e-001
A=-3.520483e-003
B= 1.159370e-004
C=-1.394791e-006
E= 3.600000e-002
Tau20= 1.200000e+000
