INSTRUMENT_TYPE=SBE56
SERIALNO=04621
TCALDATE=09-Aug-14
TA0=-1.211526e-003
TA1= 3.405460e-004
TA2=-6.276321e-006
TA3= 1.967380e-007
