INSTRUMENT_TYPE=SBE3
SERIALNO=0710
TCALDATE=26-Feb-19
TG= 4.79495256e-003
TH= 6.76957307e-004
TI= 2.92657049e-005
TJ= 2.65845678e-006
TF0=1000.0
