SERIALNO=0810
TCALDATE=14-Jan-25
TA0=-2.639934e-005
TA1= 2.806820e-004
TA2=-2.612870e-006
TA3= 1.650756e-007
PCALDATE=No-Cal
PA0= 1.000000e+000
PA1= 0.000000e+000
PA2= 0.000000e+000
PTCA0= 0.000000e+000
PTCA1= 0.000000e+000
PTCA2= 0.000000e+000
PTCB0= 1.000000e+000
PTCB1= 0.000000e+000
PTCB2= 0.000000e+000
PTHA0= 0.000000e+000
PTHA1= 0.000000e+000
PTHA2= 0.000000e+000
RCALDATE=03-Mar-15
RTCA0= 9.999814e-001
RTCA1= 1.636058e-006
RTCA2=-3.635789e-008
