INSTRUMENT_TYPE=SEACATPLUS
SERIALNO=6628
TCALDATE=12-Jan-25
TA0= 1.331231e-003
TA1= 2.514885e-004
TA2= 8.407631e-007
TA3= 1.069406e-007
CCALDATE=12-Jan-25
CG=-1.052287e+000
CH= 1.389441e-001
CI=-1.301775e-004
CJ= 2.640462e-005
CTCOR= 3.250000e-006
CPCOR=-9.570000e-008
PCALDATE=No-Cal
PA0= 1.000000e+000
PA1= 0.000000e+000
PA2= 0.000000e+000
PTCA0= 0.000000e+000
PTCA1= 0.000000e+000
PTCA2= 0.000000e+000
PTCB0= 0.000000e+000
PTCB1= 0.000000e+000
PTCB2= 0.000000e+000
PTEMPA0= 0.000000e+000
PTEMPA1= 0.000000e+000
PTEMPA2= 0.000000e+000
