SERIALNO=0655
TCALDATE=11-Mar-15
TG= 4.17178873e-003
TH= 5.85816604e-004
TI= 1.85996817e-006
TJ=-2.20338049e-006
CCALDATE=11-Mar-15
CG=-3.97012251e+000
CH= 4.74063479e-001
CI= 1.01983860e-003
CJ=-1.68573917e-005
CTCOR= 3.250000e-006
CPCOR=-9.570000e-008
PCALDATE=27-Feb-15
C1=-4.818715e+003
C2= 8.413850e-002
C3= 8.934330e-004
D1= 6.525300e-002
D2= 0.000000e+000
T1= 3.022431e+001
T2=-5.605780e-005
T3= 2.821130e-006
T4= 0.000000e+000
T5= 0.000000e+000
AD590M= 0.00000e+000
AD590B= 0.00000e+000
SLOPE= 1.000186e+000
OFFSET= 3.871041e-002
