INSTRUMENT_TYPE=SBE4
SERIALNO=0748
CCALDATE=26-Jan-17
CG=-4.13204667e+000
CH= 4.36237413e-001
CI=-7.17315731e-005
CJ= 2.29049217e-005
CTCOR= 3.25000e-006
CPCOR=-9.57000e-008
