SERIALNO=1525
TCALDATE=07-Aug-22
TA0=-4.885084e-005
TA1= 2.787223e-004
TA2=-2.478257e-006
TA3= 1.614129e-007
CCALDATE=07-Aug-22
CG=-1.043528e+000
CH= 1.594548e-001
CI=-1.111376e-004
CJ= 3.867024e-005
CTCOR= 3.250000e-006
CPCOR=-9.570000e-008
WBOTC= 4.723585e-006
PCALDATE=No-Cal
PA0= 1.000000e+000
PA1= 0.000000e+000
PA2= 0.000000e+000
PTCA0= 0.000000e+000
PTCA1= 0.000000e+000
PTCA2= 0.000000e+000
PTCSB0= 0.000000e+000
PTCSB1= 0.000000e+000
PTCSB2= 0.000000e+000
RCALDATE=07-Aug-22
RTCA0= 9.999852e-001
RTCA1= 1.686235e-006
RTCA2=-3.276656e-008
