SERIALNO=1810
TCALDATE=10-Jan-25
TA0=-3.268489e-005
TA1= 2.878254e-004
TA2=-3.469430e-006
TA3= 1.865241e-007
CCALDATE=10-Jan-25
CG=-9.918201e-001
CH= 1.376985e-001
CI=-9.570311e-005
CJ= 3.125994e-005
CTCOR= 3.250000e-006
CPCOR=-9.570000e-008
WBOTC= 3.042599e-006
PCALDATE=No-Cal
PA0= 1.000000e+000
PA1= 0.000000e+000
PA2= 0.000000e+000
PTCA0= 0.000000e+000
PTCA1= 0.000000e+000
PTCA2= 0.000000e+000
PTCSB0= 0.000000e+000
PTCSB1= 0.000000e+000
PTCSB2= 0.000000e+000
RCALDATE=10-Jan-25
RTCA0= 9.999732e-001
RTCA1= 1.682974e-006
RTCA2=-3.096144e-008
