INSTRUMENT_TYPE=SEACATPLUS
SERIALNO=6627
TCALDATE=24-Aug-10
TA0= 1.277876e-003
TA1= 2.595455e-004
TA2=-1.607528e-007
TA3= 1.449808e-007
CCALDATE=24-Aug-10 
CG=-1.033634e+000
CH= 1.372996e-001
CI=-1.857343e-004
CJ= 3.169081e-005
CTCOR= 3.250000e-006
CPCOR=-9.570000e-008
PCALDATE=No-Cal
PA0= 1.000000e+000
PA1= 0.000000e+000
PA2= 0.000000e+000
PTCA0= 0.000000e+000
PTCA1= 0.000000e+000
PTCA2= 0.000000e+000
PTCB0= 0.000000e+000
PTCB1= 0.000000e+000
PTCB2= 0.000000e+000
PTEMPA0= 0.000000e+000
PTEMPA1= 0.000000e+000
PTEMPA2= 0.000000e+000
