INSTRUMENT_TYPE=SEACATPLUS
SERIALNO=4285
TCALDATE=26-Nov-15
TA0= 1.263326e-003
TA1= 2.597761e-004
TA2= 2.843546e-007
TA3= 1.370478e-007
CCALDATE=26-Nov-15
CG=-1.058449e+000
CH= 1.541632e-001
CI=-4.002393e-004
CJ= 5.158342e-005
CTCOR= 3.250000e-006
CPCOR=-9.570000e-008
PCALDATE=24-Nov-15
C1=-5.275978e+003
C2=-1.092310e-002
C3= 1.028930e-003
D1= 6.342500e-002
D2= 0.000000e+000
T1= 3.008667e+001
T2=-1.839860e-004
T3= 2.763910e-006
T4= 1.636910e-009
T5= 0.000000e+000
AD590M= 0.00000e+000
AD590B= 0.00000e+000
