SERIALNO=1773
TCALDATE=02-May-23
TA0=-4.220018e-005
TA1= 2.798182e-004
TA2=-2.596370e-006
TA3= 1.623574e-007
PCALDATE=No-Cal
PA0= 1.000000e+000
PA1= 0.000000e+000
PA2= 0.000000e+000
PTCA0= 0.000000e+000
PTCA1= 0.000000e+000
PTCA2= 0.000000e+000
PTCB0= 0.000000e+000
PTCB1= 0.000000e+000
PTCB2= 0.000000e+000
PTHA0= 1.306924e-309
PTHA1= 1.186812e+151
PTHA2=-1.443780e+000
RCALDATE=No-Cal
RTCA0= 1.000000e+000
RTCA1= 0.000000e+000
RTCA2= 0.000000e+000
