SERIALNO=1527
TCALDATE=05-Jan-25
TA0=-1.461675e-004
TA1= 3.197007e-004
TA2=-5.577689e-006
TA3= 2.277196e-007
CCALDATE=05-Jan-25
CG=-1.022207e+000
CH= 1.553148e-001
CI= 2.227336e-004
CJ= 1.213455e-005
CTCOR= 3.250000e-006
CPCOR=-9.570000e-008
WBOTC= 1.627639e-006
PCALDATE=No-Cal
PA0= 1.000000e+000
PA1= 0.000000e+000
PA2= 0.000000e+000
PTCA0= 0.000000e+000
PTCA1= 0.000000e+000
PTCA2= 0.000000e+000
PTCSB0= 0.000000e+000
PTCSB1= 0.000000e+000
PTCSB2= 0.000000e+000
RCALDATE=05-Jan-25
RTCA0= 9.999803e-001
RTCA1= 1.650119e-006
RTCA2=-3.229401e-008
