SERIALNO=0521
TCALDATE=21-Nov-15
TG= 4.24372329e-003
TH= 6.10763481e-004
TI= 7.56023053e-006
TJ=-1.06606489e-006
CCALDATE=21-Nov-15
CG=-4.06873049e+000
CH= 4.85826446e-001
CI= 1.14224349e-003
CJ=-2.15858920e-005
CTCOR= 3.250000e-006
CPCOR=-9.570000e-008
PCALDATE=No-Cal
PA0= 1.000000e+000
PA1= 0.000000e+000
PA2= 0.000000e+000
SLOPE= 1.000000e+000
OFFSET= 0.000000e+000
