SERIALNO=1163
TCALDATE=14-Jan-25
TA0=-4.627030e-005
TA1= 2.905041e-004
TA2=-3.684836e-006
TA3= 1.839587e-007
PCALDATE=No-Cal
PA0= 1.000000e+000
PA1= 0.000000e+000
PA2= 0.000000e+000
PTCA0= 0.000000e+000
PTCA1= 0.000000e+000
PTCA2= 0.000000e+000
PTCB0= 1.000000e+000
PTCB1= 0.000000e+000
PTCB2= 0.000000e+000
PTHA0= 0.000000e+000
PTHA1= 0.000000e+000
PTHA2= 0.000000e+000
RCALDATE=01-Feb-05
RTCA0= 9.999762e-001
RTCA1= 1.597200e-006
RTCA2=-3.231334e-008
