INSTRUMENT_TYPE=PrawlerCTD
SERIALNO=0023
TCALDATE=20-Jan-21
TA0=-1.671220e-004
TA1= 3.181102e-004
TA2=-5.222338e-006
TA3= 2.226350e-007
CCALDATE=20-Jan-21
CG=-9.937559e-001
CH= 1.544975e-001
CI=-3.081677e-004
CJ= 4.949387e-005
CTCOR= 3.250000e-006
CPCOR=-9.570000e-008
WBOTC= 3.280731e-007
PCALDATE=08-Jan-21
PA0= 1.682935e-001
PA1= 2.726990e-003
PA2= 6.739677e-011
PTCA0= 5.239024e+005
PTCA1= 7.436718e+000
PTCA2=-2.083258e-001
PTCB0= 2.491650e+001
PTCB1=-1.000000e-004
PTCB2= 0.000000e+000
PTEMPA0=-8.315333e+002
PTEMPA1= 6.519990e-001
PTEMPA2=-1.232276e-004
