INSTRUMENT_TYPE=PrawlerCTD
SERIALNO=0015
TCALDATE=24-Jan-21
TA0=-6.847142e-006
TA1= 2.897225e-004
TA2=-3.329709e-006
TA3= 1.696572e-007
CCALDATE=24-Jan-21
CG=-1.034720e+000
CH= 1.417406e-001
CI=-1.424790e-004
CJ= 2.993531e-005
CTCOR= 3.250000e-006
CPCOR=-9.570000e-008
WBOTC= 6.164723e-007
PCALDATE=08-Jan-21
PA0= 3.808819e-001
PA1= 2.934533e-003
PA2= 1.738898e-011
PTCA0= 5.245140e+005
PTCA1= 7.406288e+000
PTCA2=-6.893464e-002
PTCB0= 2.499088e+001
PTCB1=-2.250000e-004
PTCB2= 0.000000e+000
PTEMPA0=-6.094044e+001
PTEMPA1= 5.464740e-002
PTEMPA2=-7.333014e-007
