INSTRUMENT_TYPE=SBE43
SERIALNO=1876
OCALDATE=21-Mar-24
SOC= 4.777860e-001
VOFFSET=-5.013050e-001
A=-2.636282e-003
B= 1.409444e-004
C=-2.652890e-006
E= 3.600000e-002
Tau20= 1.590000e+000
