INSTRUMENT_TYPE=SBE43
SERIALNO=0910
OCALDATE=28-Jun-14
SOC= 4.824599e-001
VOFFSET=-5.048436e-001
A=-3.596391e-003
B= 1.495824e-004
C=-2.286933e-006
E= 3.600000e-002
Tau20= 1.680000e+000
