INSTRUMENT_TYPE=SEACATPLUS
SERIALNO=6629
TCALDATE=31-Mar-23
TA0= 1.228668e-003
TA1= 2.563314e-004
TA2= 1.821768e-007
TA3= 1.279801e-007
CCALDATE=31-Mar-23
CG=-1.051864e+000
CH= 1.462469e-001
CI=-2.710570e-004
CJ= 4.026879e-005
CTCOR= 3.250000e-006
CPCOR=-9.570000e-008
PCALDATE=No-Cal
PA0= 1.000000e+000
PA1= 0.000000e+000
PA2= 0.000000e+000
PTCA0= 0.000000e+000
PTCA1= 0.000000e+000
PTCA2= 0.000000e+000
PTCB0= 0.000000e+000
PTCB1= 0.000000e+000
PTCB2= 0.000000e+000
PTEMPA0= 0.000000e+000
PTEMPA1= 0.000000e+000
PTEMPA2= 0.000000e+000
