INSTRUMENT_TYPE=SBE3
SERIALNO=5584
TCALDATE=27-Jul-19
TG= 4.40701404e-003
TH= 6.41853884e-004
TI= 2.32809937e-005
TJ= 2.21183299e-006
TF0=1000.0
