INSTRUMENT_TYPE=SBE4
SERIALNO=3994
CCALDATE=06-Jun-23
CG=-9.95096582e+000
CH= 1.52012657e+000
CI=-5.12336988e-003
CJ= 4.92546986e-004
CTCOR= 3.25000e-006
CPCOR=-9.57000e-008
