SERIALNO=3774
TCALDATE=15-Jan-25
TA0= 2.070550e-005
TA1= 2.758721e-004
TA2=-2.466149e-006
TA3= 1.547733e-007
PCALDATE=03-Jan-25
PA0= 5.375091e-002
PA1= 4.102439e-002
PA2= 3.947582e-009
PTCA0=-4.695011e+000
PTCA1= 1.682155e-001
PTCA2=-5.013292e-003
PTCB0= 2.548963e+001
PTCB1=-6.750000e-004
PTCB2= 0.000000e+000
PTHA0=-7.927168e+001
PTHA1= 4.909261e-002
PTHA2=-4.159269e-007
RCALDATE=No-Cal
RTCA0= 1.000000e+000
RTCA1= 0.000000e+000
RTCA2= 0.000000e+000
