SERIALNO=1815
TCALDATE=07-May-19
TG= 4.17216399e-003
TH= 5.87402389e-004
TI= 9.43084568e-007
TJ=-2.40438103e-006
CCALDATE=07-May-19
CG=-4.05006850e+000
CH= 4.83611716e-001
CI= 1.02654606e-003
CJ=-1.47101755e-005
CTCOR= 3.250000e-006
CPCOR=-9.570000e-008
PCALDATE=No-Cal
PA0= 1.000000e+000
PA1= 0.000000e+000
PA2= 0.000000e+000
SLOPE= 1.000000e+000
OFFSET= 0.000000e+000
