INSTRUMENT_TYPE=SEACATPLUS
SERIALNO=6592
TCALDATE=24-Jun-10
TA0= 1.284182e-003
TA1= 2.577796e-004
TA2= 3.793121e-008
TA3= 1.372991e-007
CCALDATE=24-Jun-10 
CG=-1.020429e+000
CH= 1.378983e-001
CI=-1.801045e-004
CJ= 3.115567e-005
CTCOR= 3.250000e-006
CPCOR=-9.570000e-008
PCALDATE=No-Cal
PA0= 1.000000e+000
PA1= 0.000000e+000
PA2= 0.000000e+000
PTCA0= 0.000000e+000
PTCA1= 0.000000e+000
PTCA2= 0.000000e+000
PTCB0= 0.000000e+000
PTCB1= 0.000000e+000
PTCB2= 0.000000e+000
PTEMPA0= 0.000000e+000
PTEMPA1= 0.000000e+000
PTEMPA2= 0.000000e+000
