SERIALNO=1851
TCALDATE=08-Jun-23
TA0= 7.367198e-006
TA1= 2.749096e-004
TA2=-2.255060e-006
TA3= 1.551636e-007
CCALDATE=08-Jun-23
CG=-1.025917e+000
CH= 1.400076e-001
CI=-7.276667e-005
CJ= 2.913422e-005
CTCOR= 3.250000e-006
CPCOR=-9.570000e-008
WBOTC= 2.678427e-006
PCALDATE=No-Cal
PA0= 1.000000e+000
PA1= 0.000000e+000
PA2= 0.000000e+000
PTCA0= 0.000000e+000
PTCA1= 0.000000e+000
PTCA2= 0.000000e+000
PTCSB0= 0.000000e+000
PTCSB1= 0.000000e+000
PTCSB2= 0.000000e+000
RCALDATE=08-Jun-23
RTCA0= 9.999852e-001
RTCA1= 1.682969e-006
RTCA2=-3.096130e-008
