INSTRUMENT_TYPE=SEACATPLUS
SERIALNO=6628
TCALDATE=24-Aug-10
TA0= 1.316885e-003
TA1= 2.566166e-004
TA2= 2.299903e-007
TA3= 1.312012e-007
CCALDATE=24-Aug-10 
CG=-1.050891e+000
CH= 1.389550e-001
CI=-1.854885e-004
CJ= 3.134179e-005
CTCOR= 3.250000e-006
CPCOR=-9.570000e-008
PCALDATE=No-Cal
PA0= 1.000000e+000
PA1= 0.000000e+000
PA2= 0.000000e+000
PTCA0= 0.000000e+000
PTCA1= 0.000000e+000
PTCA2= 0.000000e+000
PTCB0= 0.000000e+000
PTCB1= 0.000000e+000
PTCB2= 0.000000e+000
PTEMPA0= 0.000000e+000
PTEMPA1= 0.000000e+000
PTEMPA2= 0.000000e+000
