INSTRUMENT_TYPE=SBE43
SERIALNO=0904
OCALDATE=15-Dec-17
SOC= 4.661035e-001
VOFFSET=-4.777626e-001
A=-3.978024e-003
B= 2.066526e-004
C=-2.840083e-006
E= 3.600000e-002
Tau20= 1.180000e+000
