SERIALNO=1856
TCALDATE=22-Jun-23
TA0=-2.626177e-005
TA1= 2.854006e-004
TA2=-3.085447e-006
TA3= 1.793054e-007
CCALDATE=22-Jun-23
CG=-1.026501e+000
CH= 1.457220e-001
CI=-7.222693e-005
CJ= 3.212441e-005
CTCOR= 3.250000e-006
CPCOR=-9.570000e-008
WBOTC= 6.092411e-006
PCALDATE=No-Cal
PA0= 1.000000e+000
PA1= 0.000000e+000
PA2= 0.000000e+000
PTCA0= 0.000000e+000
PTCA1= 0.000000e+000
PTCA2= 0.000000e+000
PTCSB0= 0.000000e+000
PTCSB1= 0.000000e+000
PTCSB2= 0.000000e+000
RCALDATE=22-Jun-23
RTCA0= 9.999864e-001
RTCA1= 1.593372e-006
RTCA2=-3.046953e-008
