INSTRUMENT_TYPE=SEACATPLUS
SERIALNO=6629
TCALDATE=24-Aug-10
TA0= 1.219273e-003
TA1= 2.596766e-004
TA2=-2.136447e-007
TA3= 1.435341e-007
CCALDATE=24-Aug-10 
CG=-1.051087e+000
CH= 1.460070e-001
CI=-2.037650e-004
CJ= 3.431758e-005
CTCOR= 3.250000e-006
CPCOR=-9.570000e-008
PCALDATE=No-Cal
PA0= 1.000000e+000
PA1= 0.000000e+000
PA2= 0.000000e+000
PTCA0= 0.000000e+000
PTCA1= 0.000000e+000
PTCA2= 0.000000e+000
PTCB0= 0.000000e+000
PTCB1= 0.000000e+000
PTCB2= 0.000000e+000
PTEMPA0= 0.000000e+000
PTEMPA1= 0.000000e+000
PTEMPA2= 0.000000e+000
