SERIALNO=4078
TCALDATE=26-May-21
TA0= 3.528396e-006
TA1= 2.739984e-004
TA2=-2.201075e-006
TA3= 1.516473e-007
CCALDATE=26-May-21
CG=-1.033808e+000
CH= 1.481728e-001
CI=-6.987409e-005
CJ= 3.060326e-005
CTCOR= 3.250000e-006
CPCOR=-9.570000e-008
WBOTC=-1.078747e-005
PCALDATE=26-Apr-21
PA0= 1.432492e-001
PA1= 6.863754e-002
PA2=-5.452630e-009
PTCA0=-2.128552e+002
PTCA1= 1.602025e-001
PTCA2=-2.987189e-003
PTCSB0= 2.481450e+001
PTCSB1= 1.000000e-004
PTCSB2= 0.000000e+000
RCALDATE=26-May-21
RTCA0= 9.999861e-001
RTCA1= 1.739706e-006
RTCA2=-3.278557e-008
