INSTRUMENT_TYPE=SBE43
SERIALNO=3200
OCALDATE=01-Aug-15
SOC= 5.461780e-001
VOFFSET=-5.085603e-001
A=-3.549885e-003
B= 1.481604e-004
C=-2.173314e-006
E= 3.600000e-002
Tau20= 2.470000e+000
