INSTRUMENT_TYPE=SBE3
SERIALNO=5895
TCALDATE=26-Feb-19
TG= 4.32208493e-003
TH= 6.37262480e-004
TI= 2.24862941e-005
TJ= 2.13717785e-006
TF0=1000.0
