INSTRUMENT_TYPE=SEACATPLUS
SERIALNO=4426
TCALDATE=24-May-22
TA0= 1.233161e-003
TA1= 2.645706e-004
TA2=-4.653949e-007
TA3= 1.655124e-007
CCALDATE=24-May-22
CG=-1.025071e+000
CH= 1.442485e-001
CI=-1.928421e-004
CJ= 3.553160e-005
CTCOR= 3.250000e-006
CPCOR=-9.570000e-008
PCALDATE=No-Cal
PA0= 1.000000e+000
PA1= 0.000000e+000
PA2= 0.000000e+000
PTCA0= 0.000000e+000
PTCA1= 0.000000e+000
PTCA2= 0.000000e+000
PTCB0= 0.000000e+000
PTCB1= 0.000000e+000
PTCB2= 0.000000e+000
PTEMPA0= 0.000000e+000
PTEMPA1= 0.000000e+000
PTEMPA2= 0.000000e+000
