INSTRUMENT_TYPE=SBE3
SERIALNO=0710
TCALDATE=07-Mar-15
TG= 4.79526915e-003
TH= 6.77434351e-004
TI= 2.94971677e-005
TJ= 2.69624888e-006
TF0=1000.0
