INSTRUMENT_TYPE=SBE56
SERIALNO=04611
TCALDATE=25-Jun-14
TA0=-1.170492e-003
TA1= 3.323216e-004
TA2=-5.742699e-006
TA3= 1.851827e-007
