INSTRUMENT_TYPE=SBE43
SERIALNO=3200
OCALDATE=06-Jan-18
SOC= 4.899708e-001
VOFFSET=-4.997376e-001
A=-4.193991e-003
B= 1.792730e-004
C=-2.835145e-006
E= 3.600000e-002
Tau20= 1.110000e+000
