PCALDATE = 16-Jan-20
C1=-4.396022e+004
C2=-1.130767e+000
C3= 1.261120e-002
D1= 3.507300e-002
D2= 0.000000e+000
T1= 2.997068e+001
T2=-6.253509e-004
T3= 3.819220e-006
T4= 2.267250e-009
T5= 0.000000e+000
AD590M= 1.28576e-002
AD590B=-8.32583e+000
SLOPE= 0.99997
OFFSET=-1.2164
