INSTRUMENT_TYPE=SEACATPLUS
SERIALNO=6826
TCALDATE=20-Nov-15
TA0= 1.318121e-003
TA1= 2.523336e-004
TA2= 6.920426e-007
TA3= 1.109736e-007
CCALDATE=20-Nov-15
CG=-9.871047e-001
CH= 1.516227e-001
CI=-2.321199e-004
CJ= 4.086106e-005
CTCOR= 3.250000e-006
CPCOR=-9.570000e-008
PCALDATE=No-Cal
PA0= 1.000000e+000
PA1= 0.000000e+000
PA2= 0.000000e+000
PTCA0= 0.000000e+000
PTCA1= 0.000000e+000
PTCA2= 0.000000e+000
PTCB0= 0.000000e+000
PTCB1= 0.000000e+000
PTCB2= 0.000000e+000
PTEMPA0= 0.000000e+000
PTEMPA1= 0.000000e+000
PTEMPA2= 0.000000e+000
