INSTRUMENT_TYPE=SEACATPLUS
SERIALNO=6627
TCALDATE=04-Dec-15
TA0= 1.284597e-003
TA1= 2.570650e-004
TA2= 1.458183e-007
TA3= 1.323346e-007
CCALDATE=04-Dec-15
CG=-1.033026e+000
CH= 1.371185e-001
CI=-1.412058e-004
CJ= 2.851995e-005
CTCOR= 3.250000e-006
CPCOR=-9.570000e-008
PCALDATE=No-Cal
PA0= 1.000000e+000
PA1= 0.000000e+000
PA2= 0.000000e+000
PTCA0= 0.000000e+000
PTCA1= 0.000000e+000
PTCA2= 0.000000e+000
PTCB0= 0.000000e+000
PTCB1= 0.000000e+000
PTCB2= 0.000000e+000
PTEMPA0= 0.000000e+000
PTEMPA1= 0.000000e+000
PTEMPA2= 0.000000e+000
