INSTRUMENT_TYPE=SEACATPLUS
SERIALNO=4424
TCALDATE=25-Jun-19
TA0= 1.252087e-003
TA1= 2.591073e-004
TA2= 3.358246e-007
TA3= 1.347000e-007
CCALDATE=25-Jun-19
CG=-1.016791e+000
CH= 1.378200e-001
CI=-3.092782e-004
CJ= 4.645098e-005
CTCOR= 3.250000e-006
CPCOR=-9.570000e-008
PCALDATE=No-Cal
PA0= 1.000000e+000
PA1= 0.000000e+000
PA2= 0.000000e+000
PTCA0= 0.000000e+000
PTCA1= 0.000000e+000
PTCA2= 0.000000e+000
PTCB0= 0.000000e+000
PTCB1= 0.000000e+000
PTCB2= 0.000000e+000
PTEMPA0= 0.000000e+000
PTEMPA1= 0.000000e+000
PTEMPA2= 0.000000e+000
