INSTRUMENT_TYPE=SBE3
SERIALNO=0701
TCALDATE=06-Mar-15
TG= 4.81907091e-003
TH= 6.81849669e-004
TI= 3.09872767e-005
TJ= 2.88395818e-006
TF0=1000.0
