SERIALNO=0655
TCALDATE=07-Jun-24
TG= 4.17198434e-003
TH= 5.86479228e-004
TI= 2.56127589e-006
TJ=-1.97276034e-006
CCALDATE=07-Jun-24
CG=-3.85942379e+000
CH= 4.60825588e-001
CI= 1.00343308e-003
CJ=-1.48563308e-005
CTCOR= 3.250000e-006
CPCOR=-9.570000e-008
PCALDATE=04-Jun-24
PA0=-3.301592e+003
PA1=-9.123563e-002
PA2= 5.773847e-006
SLOPE= 3.085857e-001
OFFSET=-1.021712e+004
