INSTRUMENT_TYPE=SEACATPLUS
SERIALNO=6628
TCALDATE=14-Jan-21
TA0= 1.315317e-003
TA1= 2.571980e-004
TA2= 1.586903e-007
TA3= 1.340699e-007
CCALDATE=14-Jan-21
CG=-1.053383e+000
CH= 1.395558e-001
CI=-3.136606e-004
CJ= 4.234718e-005
CTCOR= 3.250000e-006
CPCOR=-9.570000e-008
PCALDATE=No-Cal
PA0= 1.000000e+000
PA1= 0.000000e+000
PA2= 0.000000e+000
PTCA0= 0.000000e+000
PTCA1= 0.000000e+000
PTCA2= 0.000000e+000
PTCB0= 0.000000e+000
PTCB1= 0.000000e+000
PTCB2= 0.000000e+000
PTEMPA0= 0.000000e+000
PTEMPA1= 0.000000e+000
PTEMPA2= 0.000000e+000
