SERIALNO=2337
TCALDATE=22-Jun-18
TA0=-2.218851e-005
TA1= 2.865199e-004
TA2=-3.713474e-006
TA3= 1.948283e-007
CCALDATE=22-Jun-18
CG=-1.063186e+000
CH= 1.498848e-001
CI=-1.935185e-004
CJ= 4.046320e-005
CTCOR= 3.250000e-006
CPCOR=-9.570000e-008
WBOTC=-5.657977e-006
PCALDATE=14-Jun-18
PA0=-1.873315e+000
PA1= 6.892158e-002
PA2=-4.951441e-009
PTCA0=-1.766267e+002
PTCA1=-1.119779e+000
PTCA2=-2.715253e-003
PTCSB0= 2.481212e+001
PTCSB1= 4.250000e-004
PTCSB2= 0.000000e+000
RCALDATE=22-Jun-18
RTCA0= 9.999683e-001
RTCA1= 1.857159e-006
RTCA2=-3.299413e-008
