SERIALNO=1426
TCALDATE=22-Mar-24
TA0=-1.035473e-004
TA1= 3.065365e-004
TA2=-4.399362e-006
TA3= 1.986898e-007
PCALDATE=No-Cal
PA0= 1.000000e+000
PA1= 0.000000e+000
PA2= 0.000000e+000
PTCA0= 0.000000e+000
PTCA1= 0.000000e+000
PTCA2= 0.000000e+000
PTCB0= 0.000000e+000
PTCB1= 0.000000e+000
PTCB2= 0.000000e+000
PTHA0= 1.306924e-309
PTHA1= 1.186812e+151
PTHA2= 1.581010e-322
RCALDATE=13-Mar-24
RTCA0= 0.000000e+000
RTCA1= 0.000000e+000
RTCA2=-0.000000e+000
