SERIALNO=2327
TCALDATE=28-May-21
TA0=-6.001394e-006
TA1= 2.830306e-004
TA2=-3.037125e-006
TA3= 1.689529e-007
CCALDATE=28-May-21
CG=-9.238336e-001
CH= 1.280087e-001
CI=-1.471710e-004
CJ= 3.154945e-005
CTCOR= 3.250000e-006
CPCOR=-9.570000e-008
WBOTC= 4.061019e-006
PCALDATE=No-Cal
PA0= 1.000000e+000
PA1= 0.000000e+000
PA2= 0.000000e+000
PTCA0= 0.000000e+000
PTCA1= 0.000000e+000
PTCA2= 0.000000e+000
PTCSB0= 0.000000e+000
PTCSB1= 0.000000e+000
PTCSB2= 0.000000e+000
RCALDATE=28-May-21
RTCA0= 1.000005e+000
RTCA1= 1.484019e-006
RTCA2=-2.918017e-008
