INSTRUMENT_TYPE=PrawlerCTD
SERIALNO=0028
TCALDATE=22-May-22
TA0=-2.742111e-004
TA1= 3.452844e-004
TA2=-7.420765e-006
TA3= 2.796335e-007
CCALDATE=22-May-22
CG=-9.909148e-001
CH= 1.469638e-001
CI=-1.127218e-004
CJ= 2.981949e-005
CTCOR= 3.250000e-006
CPCOR=-9.570000e-008
WBOTC= 2.566555e-007
PCALDATE=09-May-22
PA0= 1.829569e-001
PA1= 2.688797e-003
PA2= 5.948946e-011
PTCA0= 5.241544e+005
PTCA1= 5.540911e+000
PTCA2=-1.119086e-001
PTCB0= 2.490725e+001
PTCB1= 5.000000e-005
PTCB2= 0.000000e+000
PTEMPA0= 2.964727e+002
PTEMPA1=-1.134088e-001
PTEMPA2= 4.763544e-006
