INSTRUMENT_TYPE=SEACATPLUS
SERIALNO=4461
TCALDATE=05-May-03 
TA0= 1.258409e-003
TA1= 2.627032e-004
TA2= 2.554381e-007
TA3= 1.462227e-007
CCALDATE=05-May-03
CG=-9.426526e-001
CH= 1.319263e-001
CI=-3.490581e-004
CJ= 4.454685e-005
CTCOR= 3.250000e-006
CPCOR=-9.570000e-008
PCALDATE=No-Cal
PA0= 1.000000e+000
PA1= 0.000000e+000
PA2= 0.000000e+000
PTCA0= 0.000000e+000
PTCA1= 0.000000e+000
PTCA2= 0.000000e+000
PTCB0= 0.000000e+000
PTCB1= 0.000000e+000
PTCB2= 0.000000e+000
PTEMPA0= 0.000000e+000
PTEMPA1= 0.000000e+000
PTEMPA2= 0.000000e+000
