INSTRUMENT_TYPE=SBE43
SERIALNO=3200
OCALDATE=26-Feb-25
SOC=  4.953908e-01
VOFFSET= -5.072534e-01
A= -2.845275e-03
B=  1.284447e-04
C= -2.390403e-06
E=  3.600000e-02
Tau20=  1.220000e+00
