SERIALNO=2355
TCALDATE=06-May-21
TA0=-6.595202e-005
TA1= 2.812276e-004
TA2=-2.843373e-006
TA3= 1.641359e-007
CCALDATE=06-May-21
CG=-1.034113e+000
CH= 1.536166e-001
CI=-1.718256e-004
CJ= 4.160420e-005
CTCOR= 3.250000e-006
CPCOR=-9.570000e-008
WBOTC= 7.705015e-006
PCALDATE=26-Apr-21
PA0= 1.385095e-001
PA1= 6.893530e-002
PA2=-5.780841e-009
PTCA0=-1.961336e+002
PTCA1= 4.133864e-001
PTCA2=-1.458884e-002
PTCSB0= 2.481675e+001
PTCSB1=-1.250000e-003
PTCSB2= 0.000000e+000
RCALDATE=06-May-21
RTCA0= 9.999751e-001
RTCA1= 1.726197e-006
RTCA2=-3.122247e-008
