SERIALNO=0041
TCALDATE=28-Apr-19
TA0= 8.669274e-004
TA1= 2.760271e-004
TA2=-1.484860e-006
TA3= 1.918920e-007
CCALDATE=28-Apr-19
CG=-1.007687e+000
CH= 1.379849e-001
CI=-1.152890e-004
CJ= 3.024428e-005
CTCOR= 3.250000e-006
CPCOR=-9.570000e-008
PCALDATE=10-Apr-19
PA0= 8.150757e-002
PA1= 1.560963e-003
PA2= 6.462162e-012
PTCA0= 5.246687e+005
PTCA1= 5.898579e+000
PTCA2=-1.618148e-001
PTCB0= 2.490013e+001
PTCB1= 2.250000e-004
PTCB2= 0.000000e+000
PTEMPA0=-7.305304e+001
PTEMPA1= 5.073347e+001
PTEMPA2=-4.927172e-001
