INSTRUMENT_TYPE=SEACATPLUS
SERIALNO=6902
TCALDATE=24-Apr-12
TA0= 1.239721e-003
TA1= 2.751572e-004
TA2=-9.799073e-007
TA3= 1.746063e-007
CCALDATE=24-Apr-12
CG=-9.962479e-001
CH= 1.564230e-001
CI=-4.993742e-004
CJ= 6.188789e-005
CTCOR= 3.250000e-006
CPCOR=-9.570000e-008
PCALDATE=No-Cal
PA0= 1.000000e+000
PA1= 0.000000e+000
PA2= 0.000000e+000
PTCA0= 0.000000e+000
PTCA1= 0.000000e+000
PTCA2= 0.000000e+000
PTCB0= 0.000000e+000
PTCB1= 0.000000e+000
PTCB2= 0.000000e+000
PTEMPA0= 0.000000e+000
PTEMPA1= 0.000000e+000
PTEMPA2= 0.000000e+000
