INSTRUMENT_TYPE=SBE43
SERIALNO=0904
OCALDATE=20-Feb-19
SOC= 5.444766e-001
VOFFSET=-4.868750e-001
A=-6.181118e-003
B= 2.481141e-004
C=-3.331843e-006
E= 3.600000e-002
Tau20= 1.420000e+000
