SERIALNO=0967
TCALDATE=15-Jan-25
TA0=-2.018221e-004
TA1= 3.266766e-004
TA2=-6.934296e-006
TA3= 2.808092e-007
PCALDATE=No-Cal
PA0= 1.000000e+000
PA1= 0.000000e+000
PA2= 0.000000e+000
PTCA0= 0.000000e+000
PTCA1= 0.000000e+000
PTCA2= 0.000000e+000
PTCB0= 1.000000e+000
PTCB1= 0.000000e+000
PTCB2= 0.000000e+000
PTHA0= 0.000000e+000
PTHA1= 0.000000e+000
PTHA2= 0.000000e+000
RCALDATE=01-Feb-05
RTCA0= 9.999734e-001
RTCA1= 1.595656e-006
RTCA2=-3.425653e-008
