SERIALNO=1525
TCALDATE=10-Jan-25
TA0=-1.262177e-004
TA1= 2.966480e-004
TA2=-3.860849e-006
TA3= 1.969034e-007
CCALDATE=10-Jan-25
CG=-1.043643e+000
CH= 1.595219e-001
CI=-1.239058e-004
CJ= 3.586095e-005
CTCOR= 3.250000e-006
CPCOR=-9.570000e-008
WBOTC= 4.723585e-006
PCALDATE=No-Cal
PA0= 1.000000e+000
PA1= 0.000000e+000
PA2= 0.000000e+000
PTCA0= 0.000000e+000
PTCA1= 0.000000e+000
PTCA2= 0.000000e+000
PTCSB0= 0.000000e+000
PTCSB1= 0.000000e+000
PTCSB2= 0.000000e+000
RCALDATE=10-Jan-25
RTCA0= 9.999852e-001
RTCA1= 1.686239e-006
RTCA2=-3.276668e-008
