INSTRUMENT_TYPE=PrawlerCTD
SERIALNO=0045
TCALDATE=22-Dec-20
TA0=-2.004204e-004
TA1= 3.245871e-004
TA2=-5.676461e-006
TA3= 2.325985e-007
CCALDATE=22-Dec-20
CG=-1.011763e+000
CH= 1.470170e-001
CI=-2.173253e-004
CJ= 3.786653e-005
CTCOR= 3.250000e-006
CPCOR=-9.570000e-008
WBOTC= 9.519792e-008
PCALDATE=16-Dec-20
PA0=-6.519048e-002
PA1= 2.673372e-003
PA2= 1.484479e-011
PTCA0= 5.245082e+005
PTCA1= 1.574971e-001
PTCA2=-4.867532e-002
PTCB0= 2.533734e+001
PTCB1= 2.225000e-003
PTCB2= 0.000000e+000
PTEMPA0=-8.167559e+001
PTEMPA1= 4.657292e-002
PTEMPA2=-1.077115e-007
