SERIALNO=0041
TCALDATE=09-Aug-02
TA0= 8.215873e-004
TA1= 2.905796e-004
TA2=-3.038591e-006
TA3= 2.471044e-007
CCALDATE=09-Aug-02
CG=-1.007462e+000
CH= 1.379629e-001
CI=-1.124279e-004
CJ= 2.923553e-005
CTCOR= 3.250000e-006
CPCOR=-9.570000e-008
PCALDATE=06-Aug-02
PA0= 1.355867e-001
PA1= 1.557989e-003
PA2= 6.633641e-012
PTEMPA0=-7.149521e+001
PTEMPA1= 4.919041e+001
PTEMPA2=-7.710058e-002
PTCA0= 5.249633e+005
PTCA1= 8.390993e+000
PTCA2=-1.981384e-001
PTCB0= 2.490013e+001
PTCB1= 2.250000e-004
PTCB2= 0.000000e+000
