INSTRUMENT_TYPE=PrawlerCTD
SERIALNO=0062
TCALDATE=23-Nov-22
TA0=-2.641957e-004
TA1= 3.355580e-004
TA2=-6.382878e-006
TA3= 2.529211e-007
CCALDATE=23-Nov-22
CG=-1.004849e+000
CH= 1.424111e-001
CI=-2.469467e-005
CJ= 2.428449e-005
CTCOR= 3.250000e-006
CPCOR=-9.570000e-008
WBOTC=-5.648608e-007
PCALDATE=21-Nov-22
PA0=-7.545606e-002
PA1= 2.702229e-003
PA2= 1.605387e-011
PTCA0= 5.243962e+005
PTCA1= 1.448195e+000
PTCA2=-1.275925e-001
PTCB0= 2.533312e+001
PTCB1= 2.500000e-005
PTCB2= 0.000000e+000
PTEMPA0=-7.527537e+001
PTEMPA1= 5.018133e-002
PTEMPA2=-2.415901e-007
