SERIALNO=1852
TCALDATE=03-May-19
TA0=-8.586114e-005
TA1= 2.865635e-004
TA2=-3.085899e-006
TA3= 1.775459e-007
CCALDATE=03-May-19
CG=-1.049818e+000
CH= 1.495884e-001
CI=-1.148315e-004
CJ= 3.452828e-005
CTCOR= 3.250000e-006
CPCOR=-9.570000e-008
WBOTC= 1.037825e-006
PCALDATE=No-Cal
PA0= 1.000000e+000
PA1= 0.000000e+000
PA2= 0.000000e+000
PTCA0= 0.000000e+000
PTCA1= 0.000000e+000
PTCA2= 0.000000e+000
PTCSB0= 0.000000e+000
PTCSB1= 0.000000e+000
PTCSB2= 0.000000e+000
RCALDATE=03-May-19
RTCA0= 9.999820e-001
RTCA1= 1.786063e-006
RTCA2=-3.301594e-008
