SERIALNO=1810
TCALDATE=10-Jul-19
TA0= 4.331740e-005
TA1= 2.698891e-004
TA2=-2.059274e-006
TA3= 1.495918e-007
CCALDATE=10-Jul-19
CG=-9.830712e-001
CH= 1.365658e-001
CI=-1.359652e-004
CJ= 3.309144e-005
CTCOR= 3.250000e-006
CPCOR=-9.570000e-008
WBOTC= 3.042599e-006
PCALDATE=No-Cal
PA0= 1.000000e+000
PA1= 0.000000e+000
PA2= 0.000000e+000
PTCA0= 0.000000e+000
PTCA1= 0.000000e+000
PTCA2= 0.000000e+000
PTCSB0= 0.000000e+000
PTCSB1= 0.000000e+000
PTCSB2= 0.000000e+000
RCALDATE=10-Jul-19
RTCA0= 9.999732e-001
RTCA1= 1.682954e-006
RTCA2=-3.096099e-008
