INSTRUMENT_TYPE=SBE43
SERIALNO=1875
OCALDATE=15-Feb-25
SOC=  5.011215e-01
VOFFSET= -4.873278e-01
A= -3.075777e-03
B=  1.277241e-04
C= -2.055382e-06
E=  3.600000e-02
Tau20=  1.240000e+00
