INSTRUMENT_TYPE=SBE4
SERIALNO=0334
CCALDATE=06-Mar-15
CG=-4.22695907e+000
CH= 4.71400522e-001
CI=-4.08748966e-004
CJ= 4.40302878e-005
CTCOR= 3.25000e-006
CPCOR=-9.57000e-008
