SERIALNO=1850
TCALDATE=25-Apr-19
TA0=-6.681967e-005
TA1= 2.822722e-004
TA2=-2.955403e-006
TA3= 1.728325e-007
CCALDATE=25-Apr-19
CG=-9.695694e-001
CH= 1.369790e-001
CI=-1.666316e-004
CJ= 3.745044e-005
CTCOR= 3.250000e-006
CPCOR=-9.570000e-008
WBOTC= 2.003331e-006
PCALDATE=No-Cal
PA0= 1.000000e+000
PA1= 0.000000e+000
PA2= 0.000000e+000
PTCA0= 0.000000e+000
PTCA1= 0.000000e+000
PTCA2= 0.000000e+000
PTCSB0= 0.000000e+000
PTCSB1= 0.000000e+000
PTCSB2= 0.000000e+000
RCALDATE=25-Apr-19
RTCA0= 9.999841e-001
RTCA1= 1.913130e-006
RTCA2=-3.680331e-008
