INSTRUMENT_TYPE=SBE56
SERIALNO=04738
TCALDATE=09-Aug-14
TA0=-1.167401e-003
TA1= 3.368812e-004
TA2=-6.158219e-006
TA3= 1.923959e-007
