INSTRUMENT_TYPE=SEACATPLUS
SERIALNO=6627
TCALDATE=17-May-22
TA0= 1.279640e-003
TA1= 2.589457e-004
TA2=-9.278889e-008
TA3= 1.424070e-007
CCALDATE=17-May-22
CG=-1.034654e+000
CH= 1.375243e-001
CI=-2.281951e-004
CJ= 3.490268e-005
CTCOR= 3.250000e-006
CPCOR=-9.570000e-008
PCALDATE=No-Cal
PA0= 1.000000e+000
PA1= 0.000000e+000
PA2= 0.000000e+000
PTCA0= 0.000000e+000
PTCA1= 0.000000e+000
PTCA2= 0.000000e+000
PTCB0= 0.000000e+000
PTCB1= 0.000000e+000
PTCB2= 0.000000e+000
PTEMPA0= 0.000000e+000
PTEMPA1= 0.000000e+000
PTEMPA2= 0.000000e+000
