INSTRUMENT_TYPE=SBE56
SERIALNO=04740
TCALDATE=09-Aug-14
TA0=-1.144229e-003
TA1= 3.297887e-004
TA2=-5.654791e-006
TA3= 1.825942e-007
