INSTRUMENT_TYPE=SBE43
SERIALNO=1876
OCALDATE=30-Dec-17
SOC= 4.932698e-001
VOFFSET=-4.925688e-001
A=-3.646260e-003
B= 1.266713e-004
C=-1.499177e-006
E= 3.600000e-002
Tau20= 2.090000e+000
