SERIALNO=3768
TCALDATE=07-Jan-25
TA0= 4.937555e-005
TA1= 2.669960e-004
TA2=-1.572088e-006
TA3= 1.381579e-007
CCALDATE=07-Jan-25
CG=-1.048717e+000
CH= 1.624127e-001
CI=-4.719199e-005
CJ= 2.980343e-005
CTCOR= 3.250000e-006
CPCOR=-9.570000e-008
WBOTC=-7.313177e-006
PCALDATE=03-Jan-25
PA0= 3.433403e-001
PA1= 6.894446e-002
PA2=-7.475439e-009
PTCA0=-1.706135e+002
PTCA1= 1.112446e-001
PTCA2= 5.447421e-003
PTCSB0= 2.487912e+001
PTCSB1=-1.750000e-004
PTCSB2= 0.000000e+000
RCALDATE=07-Jan-25
RTCA0= 9.999784e-001
RTCA1= 1.760416e-006
RTCA2=-3.271316e-008
