INSTRUMENT_TYPE=SBE3
SERIALNO=5584
TCALDATE=06-Mar-15
TG= 4.32884138e-003
TH= 6.29314466e-004
TI= 1.92771610e-005
TJ= 1.30008883e-006
TF0=1000.0
