INSTRUMENT_TYPE=SBE43
SERIALNO=1876
OCALDATE=12-Nov-15
SOC= 5.249621e-001
VOFFSET=-5.150885e-001
A=-2.679503e-003
B= 1.718577e-004
C=-3.062487e-006
E= 3.600000e-002
Tau20= 1.550000e+000
