INSTRUMENT_TYPE=SBE3
SERIALNO=5584
TCALDATE=24-Aug-23
TG= 4.32395887e-003
TH= 6.37970034e-004
TI= 2.18344333e-005
TJ= 2.01255421e-006
TF0=1000.0
