INSTRUMENT_TYPE=SBE43
SERIALNO=0904
OCALDATE=06-Apr-24
SOC= 4.681765e-001
VOFFSET=-5.105000e-001
A=-3.170023e-003
B= 1.461689e-004
C=-1.968380e-006
E= 3.600000e-002
Tau20= 9.400000e-001
