INSTRUMENT_TYPE=SBE43
SERIALNO=1875
OCALDATE=11-Dec-10p
SOC= 4.670037e-001
VOFFSET=-4.819772e-001
A=-2.386309e-003
B= 1.703629e-004
C=-3.347468e-006
E= 3.600000e-002
Tau20= 1.200000e+000
