SERIALNO=3766
TCALDATE=05-Feb-21
TA0= 3.040724e-005
TA1= 2.721847e-004
TA2=-1.971331e-006
TA3= 1.482212e-007
CCALDATE=05-Feb-21
CG=-1.045446e+000
CH= 1.343404e-001
CI=-8.011735e-005
CJ= 2.706937e-005
CTCOR= 3.250000e-006
CPCOR=-9.570000e-008
WBOTC=-1.006377e-005
PCALDATE=08-Jan-21
PA0= 4.373483e-001
PA1= 6.928819e-002
PA2=-7.637053e-009
PTCA0=-1.840199e+002
PTCA1=-5.972392e-001
PTCA2= 3.790248e-002
PTCSB0= 2.473400e+001
PTCSB1= 4.000000e-004
PTCSB2= 0.000000e+000
RCALDATE=05-Feb-21
RTCA0= 9.999802e-001
RTCA1= 1.690208e-006
RTCA2=-3.328949e-008
