INSTRUMENT_TYPE=SBE43
SERIALNO=1875
OCALDATE=30-Jan-20
SOC= 5.330470e-001
VOFFSET=-4.866894e-001
A=-4.554963e-003
B= 1.874519e-004
C=-2.581306e-006
E= 3.600000e-002
Tau20= 1.520000e+000
