INSTRUMENT_TYPE=SBE43
SERIALNO=1875
OCALDATE=19-Jun-23
SOC= 4.773104e-001
VOFFSET=-4.745768e-001
A=-3.624274e-003
B= 2.138569e-004
C=-3.382675e-006
E= 3.600000e-002
Tau20= 2.260000e+000
