SERIALNO=1805
TCALDATE=22-Feb-25
TA0=-1.121121e-004
TA1= 3.080429e-004
TA2=-4.496225e-006
TA3= 2.015337e-007
PCALDATE=03-Jan-25
PA0= 1.293142e-001
PA1= 2.415260e-002
PA2= 1.927867e-009
PTCA0= 6.685415e+001
PTCA1= 4.303636e-001
PTCA2=-8.413034e-003
PTCB0= 2.504188e+001
PTCB1= 1.175000e-003
PTCB2= 0.000000e+000
PTHA0=-9.266056e+001
PTHA1= 4.409327e-002
PTHA2=-1.895711e-007
RCALDATE=12-Feb-25
RTCA0= 8.045069e-248
RTCA1=-2.532996e-310
RTCA2= 3.887777e-313
