SERIALNO=1865
TCALDATE=26-May-21
TA0=-8.181344e-005
TA1= 2.991970e-004
TA2=-4.140014e-006
TA3= 2.083749e-007
CCALDATE=26-May-21
CG=-9.743364e-001
CH= 1.343021e-001
CI=-8.056321e-005
CJ= 2.988853e-005
CTCOR= 3.250000e-006
CPCOR=-9.570000e-008
WBOTC= 2.072854e-006
PCALDATE=No-Cal
PA0= 1.000000e+000
PA1= 0.000000e+000
PA2= 0.000000e+000
PTCA0= 0.000000e+000
PTCA1= 0.000000e+000
PTCA2= 0.000000e+000
PTCSB0= 0.000000e+000
PTCSB1= 0.000000e+000
PTCSB2= 0.000000e+000
RCALDATE=26-May-21
RTCA0= 9.999781e-001
RTCA1= 1.726211e-006
RTCA2=-3.122272e-008
