SERIALNO=1678
TCALDATE=25-May-21
TA0= 9.945066e-006
TA1= 2.676853e-004
TA2=-1.797657e-006
TA3= 1.403315e-007
CCALDATE=25-May-21
CG=-9.824852e-001
CH= 1.369067e-001
CI=-1.400774e-004
CJ= 3.332329e-005
CTCOR= 3.250000e-006
CPCOR=-9.570000e-008
WBOTC= 4.850806e-006
PCALDATE=No-Cal
PA0= 1.000000e+000
PA1= 0.000000e+000
PA2= 0.000000e+000
PTCA0= 0.000000e+000
PTCA1= 0.000000e+000
PTCA2= 0.000000e+000
PTCSB0= 0.000000e+000
PTCSB1= 0.000000e+000
PTCSB2= 0.000000e+000
RCALDATE=25-May-21
RTCA0= 9.999613e-001
RTCA1= 1.809910e-006
RTCA2=-3.220904e-008
