SERIALNO=1850
TCALDATE=08-Jun-23
TA0=-1.008809e-005
TA1= 2.687061e-004
TA2=-1.875680e-006
TA3= 1.442274e-007
CCALDATE=08-Jun-23
CG=-9.659207e-001
CH= 1.362409e-001
CI=-6.089437e-005
CJ= 2.984298e-005
CTCOR= 3.250000e-006
CPCOR=-9.570000e-008
WBOTC= 2.003331e-006
PCALDATE=No-Cal
PA0= 1.000000e+000
PA1= 0.000000e+000
PA2= 0.000000e+000
PTCA0= 0.000000e+000
PTCA1= 0.000000e+000
PTCA2= 0.000000e+000
PTCSB0= 0.000000e+000
PTCSB1= 0.000000e+000
PTCSB2= 0.000000e+000
RCALDATE=08-Jun-23
RTCA0= 9.999829e-001
RTCA1= 2.009865e-006
RTCA2=-3.708423e-008
