SERIALNO=2323
TCALDATE=14-Apr-23
TA0=-9.446758e-005
TA1= 3.014024e-004
TA2=-4.943452e-006
TA3= 2.292936e-007
CCALDATE=14-Apr-23
CG=-9.772311e-001
CH= 1.486221e-001
CI=-1.226579e-004
CJ= 3.701101e-005
CTCOR= 3.250000e-006
CPCOR=-9.570000e-008
WBOTC= 6.791354e-006
PCALDATE=No-Cal
PA0= 1.000000e+000
PA1= 0.000000e+000
PA2= 0.000000e+000
PTCA0= 0.000000e+000
PTCA1= 0.000000e+000
PTCA2= 0.000000e+000
PTCSB0= 0.000000e+000
PTCSB1= 0.000000e+000
PTCSB2= 0.000000e+000
RCALDATE=14-Apr-23
RTCA0= 9.999876e-001
RTCA1= 1.714079e-006
RTCA2=-3.248316e-008
