SERIALNO=1635
TCALDATE=29-May-21
TA0=-2.136404e-004
TA1= 3.084840e-004
TA2=-4.516750e-006
TA3= 2.075302e-007
PCALDATE=19-May-21
PA0=-5.034070e-001
PA1= 2.407134e-002
PA2= 1.549390e-009
PTCA0=-5.235244e+002
PTCA1=-7.638444e-001
PTCA2=-8.402203e-003
PTCB0= 2.436025e+001
PTCB1=-3.150000e-003
PTCB2= 0.000000e+000
PTHA0=-8.791509e+001
PTHA1= 4.621706e-002
PTHA2=-4.250846e-007
RCALDATE=No-Cal
RTCA0= 1.000000e+000
RTCA1= 0.000000e+000
RTCA2= 0.000000e+000
