INSTRUMENT_TYPE=SBE56
SERIALNO=04612
TCALDATE=25-Jun-14
TA0=-1.174229e-003
TA1= 3.335737e-004
TA2=-5.822202e-006
TA3= 1.876178e-007
