SERIALNO=3762
TCALDATE=04-Jun-23
TA0= 6.074481e-006
TA1= 2.725764e-004
TA2=-1.996700e-006
TA3= 1.478838e-007
CCALDATE=04-Jun-23
CG=-1.043548e+000
CH= 1.313888e-001
CI=-1.142027e-004
CJ= 2.840718e-005
CTCOR= 3.250000e-006
CPCOR=-9.570000e-008
WBOTC=-8.155994e-006
PCALDATE=06-Apr-23
PA0= 2.430573e-001
PA1= 6.734028e-002
PA2=-3.532263e-009
PTCA0=-1.912977e+002
PTCA1= 5.779511e-002
PTCA2= 4.720649e-003
PTCSB0= 2.540563e+001
PTCSB1= 1.250000e-004
PTCSB2= 0.000000e+000
RCALDATE=04-Jun-23
RTCA0= 9.999802e-001
RTCA1= 1.690208e-006
RTCA2=-3.328949e-008
