INSTRUMENT_TYPE=SBE56
SERIALNO=04613
TCALDATE=25-Jun-14
TA0=-1.176598e-003
TA1= 3.359748e-004
TA2=-6.025779e-006
TA3= 1.900468e-007
