INSTRUMENT_TYPE=SBE3
SERIALNO=0696
TCALDATE=29-Sep-23
TG= 4.35136931e-003
TH= 6.40879013e-004
TI= 2.24013966e-005
TJ= 2.07530702e-006
TF0=1000.0
