SERIALNO=1526
TCALDATE=07-Aug-22
TA0=-8.146803e-005
TA1= 2.819237e-004
TA2=-2.743879e-006
TA3= 1.664028e-007
CCALDATE=07-Aug-22
CG=-1.040900e+000
CH= 1.596948e-001
CI=-1.161906e-004
CJ= 3.809446e-005
CTCOR= 3.250000e-006
CPCOR=-9.570000e-008
WBOTC= 5.940738e-006
PCALDATE=No-Cal
PA0= 1.000000e+000
PA1= 0.000000e+000
PA2= 0.000000e+000
PTCA0= 0.000000e+000
PTCA1= 0.000000e+000
PTCA2= 0.000000e+000
PTCSB0= 0.000000e+000
PTCSB1= 0.000000e+000
PTCSB2= 0.000000e+000
RCALDATE=07-Aug-22
RTCA0= 9.999780e-001
RTCA1= 1.793301e-006
RTCA2=-3.534411e-008
