INSTRUMENT_TYPE=SEACATPLUS
SERIALNO=4285
TCALDATE=10-Jan-20
TA0= 1.264630e-003
TA1= 2.594131e-004
TA2= 3.149286e-007
TA3= 1.363454e-007
CCALDATE=10-Jan-20
CG=-1.058506e+000
CH= 1.541885e-001
CI=-3.989136e-004
CJ= 5.084757e-005
CTCOR= 3.250000e-006
CPCOR=-9.570000e-008
PCALDATE=09-Jan-20
C1=-5.275978e+003
C2=-1.092310e-002
C3= 1.028930e-003
D1= 6.342500e-002
D2= 0.000000e+000
T1= 3.008667e+001
T2=-1.839860e-004
T3= 2.763910e-006
T4= 1.636910e-009
T5= 0.000000e+000
AD590M= 0.00000e+000
AD590B= 0.00000e+000
