INSTRUMENT_TYPE=SEACATPLUS
SERIALNO=4607
TCALDATE=23-Apr-04 
TA0= 1.139356e-003
TA1= 2.753423e-004
TA2=-1.065910e-006
TA3= 1.833344e-007
CCALDATE=23-Apr-04
CG=-1.024556e+000
CH= 1.326111e-001
CI=-2.783180e-004
CJ= 3.782192e-005
CTCOR= 3.250000e-006
CPCOR=-9.570000e-008
PCALDATE=No-Cal
PA0= 1.000000e+000
PA1= 0.000000e+000
PA2= 0.000000e+000
PTCA0= 0.000000e+000
PTCA1= 0.000000e+000
PTCA2= 0.000000e+000
PTCB0= 0.000000e+000
PTCB1= 0.000000e+000
PTCB2= 0.000000e+000
PTEMPA0= 0.000000e+000
PTEMPA1= 0.000000e+000
PTEMPA2= 0.000000e+000
