SERIALNO=3114
TCALDATE=05-May-19
TG= 4.21115890e-003
TH= 5.90700568e-004
TI= 5.75182586e-007
TJ=-2.53771497e-006
CCALDATE=05-May-19
CG=-4.11191355e+000
CH= 4.89692618e-001
CI= 1.56907220e-003
CJ=-3.67859278e-005
CTCOR= 3.250000e-006
CPCOR=-9.570000e-008
PCALDATE=No-Cal
PA0= 1.000000e+000
PA1= 0.000000e+000
PA2= 0.000000e+000
SLOPE= 1.000000e+000
OFFSET= 0.000000e+000
