INSTRUMENT_TYPE=SBE3
SERIALNO=5584
TCALDATE=02-Feb-16
TG= 4.32870738e-003
TH= 6.29036199e-004
TI= 1.90813696e-005
TJ= 1.25458942e-006
TF0=1000.0
