SERIALNO=1852
TCALDATE=04-Jun-23
TA0=-1.269486e-004
TA1= 2.960234e-004
TA2=-3.810961e-006
TA3= 1.960463e-007
CCALDATE=04-Jun-23
CG=-1.049999e+000
CH= 1.497162e-001
CI=-1.648096e-004
CJ= 3.891512e-005
CTCOR= 3.250000e-006
CPCOR=-9.570000e-008
WBOTC= 1.037825e-006
PCALDATE=No-Cal
PA0= 1.000000e+000
PA1= 0.000000e+000
PA2= 0.000000e+000
PTCA0= 0.000000e+000
PTCA1= 0.000000e+000
PTCA2= 0.000000e+000
PTCSB0= 0.000000e+000
PTCSB1= 0.000000e+000
PTCSB2= 0.000000e+000
RCALDATE=04-Jun-23
RTCA0= 9.999820e-001
RTCA1= 1.786062e-006
RTCA2=-3.301592e-008
