INSTRUMENT_TYPE=SBE43
SERIALNO=0910
OCALDATE=14-Dec-19
SOC= 4.922014e-001
VOFFSET=-4.992306e-001
A=-4.116766e-003
B= 1.657046e-004
C=-2.476284e-006
E= 3.600000e-002
Tau20= 1.880000e+000
