INSTRUMENT_TYPE=SBE4
SERIALNO=2489
CCALDATE=01-Mar-19
CG=-1.03339988e+001
CH= 1.61688870e+000
CI=-2.53985322e-003
CJ= 2.90501284e-004
CTCOR= 3.25000e-006
CPCOR=-9.57000e-008
