INSTRUMENT_TYPE=SBE43
SERIALNO=1876
OCALDATE=17-Dec-19
SOC= 5.071472e-001
VOFFSET=-4.900022e-001
A=-3.196582e-003
B= 1.384582e-004
C=-1.647855e-006
E= 3.600000e-002
Tau20= 1.570000e+000
