INSTRUMENT_TYPE=SBE4
SERIALNO=2489
CCALDATE=19-Nov-15
CG=-1.03359391e+001
CH= 1.61773079e+000
CI=-2.81578619e-003
CJ= 3.11628647e-004
CTCOR= 3.25000e-006
CPCOR=-9.57000e-008
