SERIALNO=0809
TCALDATE=14-Jan-25
TA0= 2.418967e-005
TA1= 2.749372e-004
TA2=-2.182735e-006
TA3= 1.550244e-007
PCALDATE=No-Cal
PA0= 1.000000e+000
PA1= 0.000000e+000
PA2= 0.000000e+000
PTCA0= 0.000000e+000
PTCA1= 0.000000e+000
PTCA2= 0.000000e+000
PTCB0= 1.000000e+000
PTCB1= 0.000000e+000
PTCB2= 0.000000e+000
PTHA0= 0.000000e+000
PTHA1= 0.000000e+000
PTHA2= 0.000000e+000
RCALDATE=11-Feb-14
RTCA0= 9.999852e-001
RTCA1= 1.520790e-006
RTCA2=-3.456035e-008
