SERIALNO=1805
TCALDATE=19-Jun-18
TA0=-1.404661e-004
TA1= 3.186723e-004
TA2=-5.483370e-006
TA3= 2.268749e-007
CCALDATE=19-Jun-18
CG=-9.801560e-001
CH= 1.393170e-001
CI=-1.869726e-004
CJ= 4.148677e-005
CTCOR= 3.250000e-006
CPCOR=-9.570000e-008
WBOTC= 1.192912e-006
PCALDATE=No-Cal
PA0= 1.000000e+000
PA1= 0.000000e+000
PA2= 0.000000e+000
PTCA0= 0.000000e+000
PTCA1= 0.000000e+000
PTCA2= 0.000000e+000
PTCSB0= 0.000000e+000
PTCSB1= 0.000000e+000
PTCSB2= 0.000000e+000
RCALDATE=19-Jun-18
RTCA0= 9.999741e-001
RTCA1= 1.736449e-006
RTCA2=-3.098045e-008
