SERIALNO=3767
TCALDATE=30-Jun-23
TA0= 1.431085e-004
TA1= 2.406233e-004
TA2= 4.938884e-007
TA3= 8.266989e-008
CCALDATE=30-Jun-23
CG=-1.007038e+000
CH= 1.459808e-001
CI=-9.995859e-006
CJ= 2.562457e-005
CTCOR= 3.250000e-006
CPCOR=-9.570000e-008
WBOTC=-8.410213e-006
PCALDATE=12-Apr-23
PA0= 6.779824e-001
PA1= 6.918869e-002
PA2=-3.275093e-009
PTCA0=-1.707943e+002
PTCA1= 4.656467e-001
PTCA2= 1.449014e-004
PTCSB0= 2.469425e+001
PTCSB1=-5.500000e-004
PTCSB2= 0.000000e+000
RCALDATE=30-Jun-23
RTCA0= 9.999810e-001
RTCA1= 1.793291e-006
RTCA2=-3.534398e-008
