SERIALNO=2024
TCALDATE=14-Apr-23
TA0=-1.326739e-005
TA1= 2.778459e-004
TA2=-2.620509e-006
TA3= 1.646001e-007
CCALDATE=14-Apr-23
CG=-9.963368e-001
CH= 1.475860e-001
CI=-1.156936e-004
CJ= 3.551908e-005
CTCOR= 3.250000e-006
CPCOR=-9.570000e-008
WBOTC= 3.816074e-006
PCALDATE=No-Cal
PA0= 1.000000e+000
PA1= 0.000000e+000
PA2= 0.000000e+000
PTCA0= 0.000000e+000
PTCA1= 0.000000e+000
PTCA2= 0.000000e+000
PTCSB0= 0.000000e+000
PTCSB1= 0.000000e+000
PTCSB2= 0.000000e+000
RCALDATE=14-Apr-23
RTCA0= 9.999762e-001
RTCA1= 1.682966e-006
RTCA2=-3.096126e-008
