INSTRUMENT_TYPE=SBE43
SERIALNO=3200
OCALDATE=21-Dec-19
SOC= 5.039656e-001
VOFFSET=-4.978058e-001
A=-3.255174e-003
B= 1.360947e-004
C=-1.988224e-006
E= 3.600000e-002
Tau20= 1.060000e+000
