SERIALNO=1860
TCALDATE=07-Jun-23
TA0=-6.697401e-005
TA1= 2.869770e-004
TA2=-3.140201e-006
TA3= 1.801359e-007
CCALDATE=07-Jun-23
CG=-1.013652e+000
CH= 1.414108e-001
CI=-1.210042e-004
CJ= 3.379814e-005
CTCOR= 3.250000e-006
CPCOR=-9.570000e-008
WBOTC= 4.480946e-006
PCALDATE=No-Cal
PA0= 1.000000e+000
PA1= 0.000000e+000
PA2= 0.000000e+000
PTCA0= 0.000000e+000
PTCA1= 0.000000e+000
PTCA2= 0.000000e+000
PTCSB0= 0.000000e+000
PTCSB1= 0.000000e+000
PTCSB2= 0.000000e+000
RCALDATE=07-Jun-23
RTCA0= 9.999990e-001
RTCA1= 1.789327e-006
RTCA2=-3.482118e-008
