INSTRUMENT_TYPE=SBE43
SERIALNO=1876
OCALDATE=11-Mar-15
SOC= 5.292923e-001
VOFFSET=-5.208271e-001
A=-2.943484e-003
B= 1.672773e-004
C=-2.668779e-006
E= 3.600000e-002
Tau20= 1.470000e+000
