INSTRUMENT_TYPE=SEACATPLUS
SERIALNO=7021
TCALDATE=14-Jan-21
TA0= 1.259775e-003
TA1= 2.716381e-004
TA2=-7.689717e-007
TA3= 1.662311e-007
CCALDATE=14-Jan-21
CG=-9.828606e-001
CH= 1.212860e-001
CI=-4.278441e-004
CJ= 4.491507e-005
CTCOR= 3.250000e-006
CPCOR=-9.570000e-008
PCALDATE=No-Cal
PA0= 1.000000e+000
PA1= 0.000000e+000
PA2= 0.000000e+000
PTCA0= 0.000000e+000
PTCA1= 0.000000e+000
PTCA2= 0.000000e+000
PTCB0= 0.000000e+000
PTCB1= 0.000000e+000
PTCB2= 0.000000e+000
PTEMPA0= 0.000000e+000
PTEMPA1= 0.000000e+000
PTEMPA2= 0.000000e+000
