SERIALNO=2022
TCALDATE=07-Apr-23
TA0=-2.113375e-005
TA1= 2.797336e-004
TA2=-2.764551e-006
TA3= 1.670292e-007
CCALDATE=07-Apr-23
CG=-9.862423e-001
CH= 1.390264e-001
CI=-1.689907e-004
CJ= 3.444155e-005
CTCOR= 3.250000e-006
CPCOR=-9.570000e-008
WBOTC= 1.898952e-005
PCALDATE=No-Cal
PA0= 1.000000e+000
PA1= 0.000000e+000
PA2= 0.000000e+000
PTCA0= 0.000000e+000
PTCA1= 0.000000e+000
PTCA2= 0.000000e+000
PTCSB0= 0.000000e+000
PTCSB1= 0.000000e+000
PTCSB2= 0.000000e+000
RCALDATE=07-Apr-23
RTCA0= 9.999875e-001
RTCA1= 1.767548e-006
RTCA2=-3.250210e-008
