SERIALNO=1858
TCALDATE=19-Jun-18
TA0=-6.430437e-005
TA1= 2.912408e-004
TA2=-3.493707e-006
TA3= 1.900112e-007
CCALDATE=19-Jun-18
CG=-1.036945e+000
CH= 1.453511e-001
CI=-1.092076e-004
CJ= 3.476741e-005
CTCOR= 3.250000e-006
CPCOR=-9.570000e-008
WBOTC= 4.648365e-006
PCALDATE=No-Cal
PA0= 1.000000e+000
PA1= 0.000000e+000
PA2= 0.000000e+000
PTCA0= 0.000000e+000
PTCA1= 0.000000e+000
PTCA2= 0.000000e+000
PTCSB0= 0.000000e+000
PTCSB1= 0.000000e+000
PTCSB2= 0.000000e+000
RCALDATE=19-Jun-18
RTCA0= 9.999895e-001
RTCA1= 1.763589e-006
RTCA2=-3.197945e-008
