SERIALNO=3770
TCALDATE=22-Jun-18
TA0=-2.214948e-004
TA1= 3.064073e-004
TA2=-4.319474e-006
TA3= 1.999942e-007
CCALDATE=22-Jun-18
CG=-1.037480e+000
CH= 1.619161e-001
CI=-1.717559e-004
CJ= 4.178766e-005
CTCOR= 3.250000e-006
CPCOR=-9.570000e-008
WBOTC=-1.029608e-005
PCALDATE=14-Jun-18
PA0= 7.623116e-001
PA1= 6.905899e-002
PA2=-2.970900e-009
PTCA0=-1.455965e+002
PTCA1= 4.861575e-001
PTCA2=-1.084959e-004
PTCSB0= 2.477262e+001
PTCSB1=-1.075000e-003
PTCSB2= 0.000000e+000
RCALDATE=22-Jun-18
RTCA0= 9.999914e-001
RTCA1= 1.587114e-006
RTCA2=-3.123478e-008
