SERIALNO=1166
TCALDATE=11-Jan-25
TA0=-2.083728e-004
TA1= 3.121005e-004
TA2=-5.052792e-006
TA3= 2.201879e-007
PCALDATE=No-Cal
PA0= 1.000000e+000
PA1= 0.000000e+000
PA2= 0.000000e+000
PTCA0= 0.000000e+000
PTCA1= 0.000000e+000
PTCA2= 0.000000e+000
PTCB0= 1.000000e+000
PTCB1= 0.000000e+000
PTCB2= 0.000000e+000
PTHA0= 0.000000e+000
PTHA1= 0.000000e+000
PTHA2= 0.000000e+000
RCALDATE=01-Feb-05
RTCA0= 9.999763e-001
RTCA1= 1.575568e-006
RTCA2=-3.454472e-008
