INSTRUMENT_TYPE=SBE43
SERIALNO=1876
OCALDATE=28-Feb-17
SOC= 5.248803e-001
VOFFSET=-5.207119e-001
A=-3.726128e-003
B= 1.758840e-004
C=-2.568112e-006
E= 3.600000e-002
Tau20= 1.270000e+000
