SERIALNO=2333
TCALDATE=22-Jun-18
TA0=-9.489593e-005
TA1= 3.065648e-004
TA2=-5.345673e-006
TA3= 2.391804e-007
CCALDATE=22-Jun-18
CG=-9.909901e-001
CH= 1.547109e-001
CI=-1.899032e-004
CJ= 4.369734e-005
CTCOR= 3.250000e-006
CPCOR=-9.570000e-008
WBOTC= 9.247586e-006
PCALDATE=14-Jun-18
PA0=-1.955354e-001
PA1= 6.856899e-002
PA2=-3.477800e-009
PTCA0=-1.824427e+002
PTCA1= 7.363407e-002
PTCA2=-8.652697e-003
PTCSB0= 2.499438e+001
PTCSB1=-1.250000e-004
PTCSB2= 0.000000e+000
RCALDATE=22-Jun-18
RTCA0= 1.000008e+000
RTCA1= 1.362502e-006
RTCA2=-2.590976e-008
