SERIALNO=0277
TCALDATE=12-Aug-12
TA0= 8.983612e-004
TA1= 2.683680e-004
TA2=-1.162492e-006
TA3= 1.609249e-007
CCALDATE=12-Aug-12
CG=-9.798343e-001
CH= 1.473840e-001
CI=-2.251044e-004
CJ= 4.101395e-005
CTCOR= 3.250000e-006
CPCOR=-9.570000e-008
PCALDATE=09-Aug-12
PA0= 1.130280e-001
PA1= 1.550935e-003
PA2= 8.847386e-012
PTCA0= 5.253102e+005
PTCA1= 4.876893e+000
PTCA2=-7.332767e-002
PTCB0= 2.503538e+001
PTCB1= 7.500000e-005
PTCB2= 0.000000e+000
PTEMPA0=-5.755503e+001
PTEMPA1= 5.755401e+001
PTEMPA2=-9.449573e-001
