INSTRUMENT_TYPE=SBE43
SERIALNO=1876
OCALDATE=20-Feb-19
SOC= 5.068346e-001
VOFFSET=-4.989237e-001
A=-5.270062e-003
B= 2.440276e-004
C=-3.877411e-006
E= 3.600000e-002
Tau20= 1.370000e+000
