INSTRUMENT_TYPE=SEACATPLUS
SERIALNO=7021
TCALDATE=25-Nov-15
TA0= 1.243574e-003
TA1= 2.778170e-004
TA2=-1.552670e-006
TA3= 1.993162e-007
CCALDATE=25-Nov-15
CG=-9.812839e-001
CH= 1.207849e-001
CI=-2.910444e-004
CJ= 3.480697e-005
CTCOR= 3.250000e-006
CPCOR=-9.570000e-008
PCALDATE=No-Cal
PA0= 1.000000e+000
PA1= 0.000000e+000
PA2= 0.000000e+000
PTCA0= 0.000000e+000
PTCA1= 0.000000e+000
PTCA2= 0.000000e+000
PTCB0= 0.000000e+000
PTCB1= 0.000000e+000
PTCB2= 0.000000e+000
PTEMPA0= 0.000000e+000
PTEMPA1= 0.000000e+000
PTEMPA2= 0.000000e+000
