SERIALNO=2331
TCALDATE=19-Jun-18
TA0=-3.076046e-004
TA1= 3.744302e-004
TA2=-1.290262e-005
TA3= 5.133146e-007
CCALDATE=19-Jun-18
CG=-9.646093e-001
CH= 1.365535e-001
CI=-1.050313e-004
CJ= 3.210272e-005
CTCOR= 3.250000e-006
CPCOR=-9.570000e-008
WBOTC=-4.419334e-006
PCALDATE=No-Cal
PA0= 1.000000e+000
PA1= 0.000000e+000
PA2= 0.000000e+000
PTCA0= 0.000000e+000
PTCA1= 0.000000e+000
PTCA2= 0.000000e+000
PTCSB0= 0.000000e+000
PTCSB1= 0.000000e+000
PTCSB2= 0.000000e+000
RCALDATE=19-Jun-18
RTCA0= 1.000001e+000
RTCA1= 1.560622e-006
RTCA2=-3.434122e-008
