SERIALNO=4078
TCALDATE=07-Jan-25
TA0= 1.462706e-005
TA1= 2.710848e-004
TA2=-1.948059e-006
TA3= 1.443645e-007
CCALDATE=07-Jan-25
CG=-1.035964e+000
CH= 1.485667e-001
CI=-9.783337e-005
CJ= 2.890280e-005
CTCOR= 3.250000e-006
CPCOR=-9.570000e-008
WBOTC=-1.078747e-005
PCALDATE=03-Jan-25
PA0= 1.751407e-001
PA1= 6.869205e-002
PA2=-7.527745e-009
PTCA0=-2.139655e+002
PTCA1= 1.909755e-001
PTCA2=-3.385706e-003
PTCSB0= 2.481450e+001
PTCSB1= 1.000000e-004
PTCSB2= 0.000000e+000
RCALDATE=07-Jan-25
RTCA0= 9.999861e-001
RTCA1= 1.739704e-006
RTCA2=-3.278558e-008
