INSTRUMENT_TYPE=SBE43
SERIALNO=1875
OCALDATE=26-Nov-15
SOC= 5.481364e-001
VOFFSET=-4.860432e-001
A=-4.633353e-003
B= 2.101134e-004
C=-3.138699e-006
E= 3.600000e-002
Tau20= 1.130000e+000
