INSTRUMENT_TYPE=SBE4
SERIALNO=0304
CCALDATE=01-Mar-19
CG=-4.08185796e+000
CH= 4.33864477e-001
CI=-7.97594553e-004
CJ= 5.84927249e-005
CTCOR= 3.25000e-006
CPCOR=-9.57000e-008
