INSTRUMENT_TYPE=SBE3
SERIALNO=2786
TCALDATE=17-Nov-15
TG= 4.37645173e-003
TH= 6.44432975e-004
TI= 2.30091507e-005
TJ= 2.14997823e-006
TF0=1000.0
