SERIALNO=3114
TCALDATE=12-Mar-15
TG= 4.21032992e-003
TH= 5.88752096e-004
TI=-9.02810802e-007
TJ=-2.89630118e-006
CCALDATE=12-Mar-15
CG=-4.11643007e+000
CH= 4.90554289e-001
CI= 1.42938971e-003
CJ=-3.04528665e-005
CTCOR= 3.250000e-006
CPCOR=-9.570000e-008
PCALDATE=No-Cal
PA0= 1.000000e+000
PA1= 0.000000e+000
PA2= 0.000000e+000
SLOPE= 1.000000e+000
OFFSET= 0.000000e+000
