INSTRUMENT_TYPE=SBE43
SERIALNO=0910
OCALDATE=11-Dec-10p
SOC= 4.014497e-001
VOFFSET=-5.015804e-001
A=-1.044153e-003
B= 1.685135e-004
C=-3.746638e-006
E= 3.600000e-002
Tau20= 1.210000e+000
