SERIALNO=1162
TCALDATE=11-Jan-25
TA0=-1.567485e-004
TA1= 3.180355e-004
TA2=-6.146136e-006
TA3= 2.553819e-007
PCALDATE=No-Cal
PA0= 1.000000e+000
PA1= 0.000000e+000
PA2= 0.000000e+000
PTCA0= 0.000000e+000
PTCA1= 0.000000e+000
PTCA2= 0.000000e+000
PTCB0= 1.000000e+000
PTCB1= 0.000000e+000
PTCB2= 0.000000e+000
PTHA0= 0.000000e+000
PTHA1= 0.000000e+000
PTHA2= 0.000000e+000
RCALDATE=04-Feb-05
RTCA0= 9.999939e-001
RTCA1= 1.389385e-006
RTCA2=-3.594543e-008
