SERIALNO=0653
TCALDATE=26-Feb-20
TG= 4.22773921e-003
TH= 5.91366883e-004
TI= 5.94980449e-006
TJ=-1.11679875e-006
CCALDATE=26-Feb-20
CG=-8.04266953e+000
CH= 9.21847279e-001
CI= 1.77669309e-002
CJ=-8.25707120e-004
CTCOR= 3.250000e-006
CPCOR=-9.570000e-008
PCALDATE=09-Jan-20
PA0=-3.430181e+003
PA1=-7.199603e-002
PA2= 5.267246e-006
SLOPE= 2.952491e-001
OFFSET=-9.825434e+003
