INSTRUMENT_TYPE=SBE56
SERIALNO=04591
TCALDATE=22-Jun-14
TA0=-1.220287e-003
TA1= 3.408670e-004
TA2=-6.307232e-006
TA3= 1.981315e-007
