SERIALNO=0986
TCALDATE=26-May-21
TA0=-2.500641e-004
TA1= 3.202191e-004
TA2=-5.415991e-006
TA3= 2.247147e-007
PCALDATE=19-May-21
PA0= 9.082517e-002
PA1= 2.423080e-002
PA2= 1.559658e-009
PTCA0= 7.277528e+000
PTCA1= 4.351047e-001
PTCA2=-1.199199e-002
PTCB0= 2.491425e+001
PTCB1=-7.500000e-004
PTCB2= 0.000000e+000
PTHA0=-6.192710e+001
PTHA1= 5.054162e-002
PTHA2= 3.659385e-009
RCALDATE=01-Dec-15
RTCA0= 9.999793e-001
RTCA1= 1.575582e-006
RTCA2=-3.454472e-008
