SERIALNO=1805
TCALDATE=28-May-21
TA0=-1.578183e-004
TA1= 3.231575e-004
TA2=-5.865621e-006
TA3= 2.376285e-007
CCALDATE=28-May-21
CG=-9.784395e-001
CH= 1.391766e-001
CI=-2.349470e-004
CJ= 4.475208e-005
CTCOR= 3.250000e-006
CPCOR=-9.570000e-008
WBOTC= 1.192912e-006
PCALDATE=No-Cal
PA0= 1.000000e+000
PA1= 0.000000e+000
PA2= 0.000000e+000
PTCA0= 0.000000e+000
PTCA1= 0.000000e+000
PTCA2= 0.000000e+000
PTCSB0= 0.000000e+000
PTCSB1= 0.000000e+000
PTCSB2= 0.000000e+000
RCALDATE=28-May-21
RTCA0= 9.999741e-001
RTCA1= 1.736446e-006
RTCA2=-3.098048e-008
