INSTRUMENT_TYPE=SEACATPLUS
SERIALNO=7297
TCALDATE=21-Nov-15
TA0= 1.252217e-003
TA1= 2.735735e-004
TA2=-9.580155e-007
TA3= 1.743907e-007
CCALDATE=21-Nov-15
CG=-9.789316e-001
CH= 1.291231e-001
CI=-2.651707e-004
CJ= 3.464849e-005
CTCOR= 3.250000e-006
CPCOR=-9.570000e-008
PCALDATE=No-Cal
PA0= 1.000000e+000
PA1= 0.000000e+000
PA2= 0.000000e+000
PTCA0= 0.000000e+000
PTCA1= 0.000000e+000
PTCA2= 0.000000e+000
PTCB0= 0.000000e+000
PTCB1= 0.000000e+000
PTCB2= 0.000000e+000
PTEMPA0= 0.000000e+000
PTEMPA1= 0.000000e+000
PTEMPA2= 0.000000e+000
