INSTRUMENT_TYPE=SEACATPLUS
SERIALNO=7020
TCALDATE=31-Mar-23
TA0= 1.255798e-003
TA1= 2.729465e-004
TA2=-8.122717e-007
TA3= 1.688002e-007
CCALDATE=31-Mar-23
CG=-9.827504e-001
CH= 1.233969e-001
CI=-3.267208e-004
CJ= 3.881647e-005
CTCOR= 3.250000e-006
CPCOR=-9.570000e-008
PCALDATE=No-Cal
PA0= 1.000000e+000
PA1= 0.000000e+000
PA2= 0.000000e+000
PTCA0= 0.000000e+000
PTCA1= 0.000000e+000
PTCA2= 0.000000e+000
PTCB0= 0.000000e+000
PTCB1= 0.000000e+000
PTCB2= 0.000000e+000
PTEMPA0= 0.000000e+000
PTEMPA1= 0.000000e+000
PTEMPA2= 0.000000e+000
