SERIALNO=3767
TCALDATE=24-Apr-19
TA0=-4.012134e-005
TA1= 2.839097e-004
TA2=-2.909483e-006
TA3= 1.717206e-007
CCALDATE=24-Apr-19
CG=-1.048583e+000
CH= 1.523734e-001
CI=-1.801333e-004
CJ= 3.765688e-005
CTCOR= 3.250000e-006
CPCOR=-9.570000e-008
WBOTC=-8.410213e-006
PCALDATE=08-Apr-19
PA0= 6.006240e-001
PA1= 6.915158e-002
PA2=-1.710305e-009
PTCA0=-1.716512e+002
PTCA1= 4.447641e-001
PTCA2= 8.705384e-004
PTCSB0= 2.469425e+001
PTCSB1=-5.500000e-004
PTCSB2= 0.000000e+000
RCALDATE=24-Apr-19
RTCA0= 9.999810e-001
RTCA1= 1.793301e-006
RTCA2=-3.534413e-008
