SERIALNO=2023
TCALDATE=28-May-21
TA0=-8.496333e-005
TA1= 2.903088e-004
TA2=-3.658778e-006
TA3= 1.892023e-007
CCALDATE=28-May-21
CG=-1.034604e+000
CH= 1.483539e-001
CI= 1.902419e-004
CJ= 2.066108e-005
CTCOR= 3.250000e-006
CPCOR=-9.570000e-008
WBOTC=-2.547625e-005
PCALDATE=No-Cal
PA0= 1.000000e+000
PA1= 0.000000e+000
PA2= 0.000000e+000
PTCA0= 0.000000e+000
PTCA1= 0.000000e+000
PTCA2= 0.000000e+000
PTCSB0= 0.000000e+000
PTCSB1= 0.000000e+000
PTCSB2= 0.000000e+000
RCALDATE=28-May-21
RTCA0= 9.999811e-001
RTCA1= 1.726221e-006
RTCA2=-3.122292e-008
