INSTRUMENT_TYPE=SEACATPLUS
SERIALNO=6826
TCALDATE=12-Jan-21
TA0= 1.317561e-003
TA1= 2.525562e-004
TA2= 6.628593e-007
TA3= 1.122540e-007
CCALDATE=12-Jan-21
CG=-9.875793e-001
CH= 1.517785e-001
CI=-2.756421e-004
CJ= 4.555688e-005
CTCOR= 3.250000e-006
CPCOR=-9.570000e-008
PCALDATE=No-Cal
PA0= 1.000000e+000
PA1= 0.000000e+000
PA2= 0.000000e+000
PTCA0= 0.000000e+000
PTCA1= 0.000000e+000
PTCA2= 0.000000e+000
PTCB0= 0.000000e+000
PTCB1= 0.000000e+000
PTCB2= 0.000000e+000
PTEMPA0= 0.000000e+000
PTEMPA1= 0.000000e+000
PTEMPA2= 0.000000e+000
