INSTRUMENT_TYPE=SBE4
SERIALNO=0304
CCALDATE=02-Feb-16
CG=-4.08169306e+000
CH= 4.33727490e-001
CI=-7.71000630e-004
CJ= 5.71180385e-005
CTCOR= 3.25000e-006
CPCOR=-9.57000e-008
