SERIALNO=1869
TCALDATE=04-May-21
TA0=-3.078152e-005
TA1= 2.832439e-004
TA2=-2.860970e-006
TA3= 1.732962e-007
CCALDATE=04-May-21
CG=-1.052104e+000
CH= 1.515283e-001
CI=-1.761458e-004
CJ= 4.198568e-005
CTCOR= 3.250000e-006
CPCOR=-9.570000e-008
WBOTC= 5.184204e-006
PCALDATE=No-Cal
PA0= 1.000000e+000
PA1= 0.000000e+000
PA2= 0.000000e+000
PTCA0= 0.000000e+000
PTCA1= 0.000000e+000
PTCA2= 0.000000e+000
PTCSB0= 0.000000e+000
PTCSB1= 0.000000e+000
PTCSB2= 0.000000e+000
RCALDATE=04-May-21
RTCA0= 9.999816e-001
RTCA1= 1.710812e-006
RTCA2=-3.067784e-008
