INSTRUMENT_TYPE=SBE56
SERIALNO=04742
TCALDATE=09-Aug-14
TA0=-1.042667e-003
TA1= 3.116191e-004
TA2=-4.565620e-006
TA3= 1.610692e-007
