SERIALNO=5287
TCALDATE=02-May-23
TA0=-8.314431e-005
TA1= 3.080055e-004
TA2=-4.730325e-006
TA3= 2.057618e-007
PCALDATE=No-Cal
PA0= 1.000000e+000
PA1= 0.000000e+000
PA2= 0.000000e+000
PTCA0= 0.000000e+000
PTCA1= 0.000000e+000
PTCA2= 0.000000e+000
PTCB0= 0.000000e+000
PTCB1= 0.000000e+000
PTCB2= 0.000000e+000
PTHA0= 1.306916e-309
PTHA1= 2.632684e-308
PTHA2= 6.886426e-313
RCALDATE=No-Cal
RTCA0= 1.000000e+000
RTCA1= 0.000000e+000
RTCA2= 0.000000e+000
