INSTRUMENT_TYPE=SBE4
SERIALNO=0748
CCALDATE=19-Nov-15
CG=-4.13310965e+000
CH= 4.36533559e-001
CI=-1.28480197e-004
CJ= 2.54795440e-005
CTCOR= 3.25000e-006
CPCOR=-9.57000e-008
