SERIALNO=2329
TCALDATE=07-Jun-23
TA0=-1.640810e-004
TA1= 3.046505e-004
TA2=-3.649073e-006
TA3= 1.818245e-007
CCALDATE=07-Jun-23
CG=-1.008713e+000
CH= 1.526986e-001
CI=-3.775477e-005
CJ= 3.088528e-005
CTCOR= 3.250000e-006
CPCOR=-9.570000e-008
WBOTC= 7.201070e-006
PCALDATE=No-Cal
PA0= 1.000000e+000
PA1= 0.000000e+000
PA2= 0.000000e+000
PTCA0= 0.000000e+000
PTCA1= 0.000000e+000
PTCA2= 0.000000e+000
PTCSB0= 0.000000e+000
PTCSB1= 0.000000e+000
PTCSB2= 0.000000e+000
RCALDATE=07-Jun-23
RTCA0= 1.000003e+000
RTCA1= 1.502315e-006
RTCA2=-2.461550e-008
