INSTRUMENT_TYPE=SEACATPLUS
SERIALNO=4425
TCALDATE=08-Jan-21
TA0= 1.220339e-003
TA1= 2.672552e-004
TA2=-8.865597e-007
TA3= 1.799385e-007
CCALDATE=08-Jan-21
CG=-1.059431e+000
CH= 1.448977e-001
CI=-3.829930e-004
CJ= 5.256131e-005
CTCOR= 3.250000e-006
CPCOR=-9.570000e-008
PCALDATE=No-Cal
PA0= 1.000000e+000
PA1= 0.000000e+000
PA2= 0.000000e+000
PTCA0= 0.000000e+000
PTCA1= 0.000000e+000
PTCA2= 0.000000e+000
PTCB0= 0.000000e+000
PTCB1= 0.000000e+000
PTCB2= 0.000000e+000
PTEMPA0= 0.000000e+000
PTEMPA1= 0.000000e+000
PTEMPA2= 0.000000e+000
