SERIALNO=0539
TCALDATE=07-Mar-15
TG= 4.16937043e-003
TH= 5.93249433e-004
TI= 3.31663996e-006
TJ=-1.87657281e-006
CCALDATE=07-Mar-15
CG=-3.87311171e+000
CH= 4.62416236e-001
CI= 1.02323881e-003
CJ=-1.40876067e-005
CTCOR= 3.250000e-006
CPCOR=-9.570000e-008
PCALDATE=No-Cal
PA0= 1.000000e+000
PA1= 0.000000e+000
PA2= 0.000000e+000
SLOPE= 1.000000e+000
OFFSET= 0.000000e+000
