INSTRUMENT_TYPE=SEACATPLUS
SERIALNO=6592
TCALDATE=02-Apr-23
TA0= 1.286111e-003
TA1= 2.571031e-004
TA2= 1.176818e-007
TA3= 1.341445e-007
CCALDATE=02-Apr-23
CG=-1.021222e+000
CH= 1.381522e-001
CI=-2.518539e-004
CJ= 3.697028e-005
CTCOR= 3.250000e-006
CPCOR=-9.570000e-008
PCALDATE=No-Cal
PA0= 1.000000e+000
PA1= 0.000000e+000
PA2= 0.000000e+000
PTCA0= 0.000000e+000
PTCA1= 0.000000e+000
PTCA2= 0.000000e+000
PTCB0= 0.000000e+000
PTCB1= 0.000000e+000
PTCB2= 0.000000e+000
PTEMPA0= 0.000000e+000
PTEMPA1= 0.000000e+000
PTEMPA2= 0.000000e+000
