SERIALNO=0650
TCALDATE=14-Jan-17
TG= 4.12125656e-003
TH= 5.87883997e-004
TI= 5.54427026e-006
TJ=-1.77007255e-006
CCALDATE=14-Jan-17
CG=-4.09912407e+000
CH= 4.90739005e-001
CI= 5.26705146e-004
CJ= 5.07678149e-006
CTCOR= 3.250000e-006
CPCOR=-9.570000e-008
PCALDATE=12-Jan-17
PA0= 5.005463e+002
PA1=-1.309257e-001
PA2= 1.364340e-007
SLOPE=-1.308682e-001
OFFSET= 5.013397e+002
