SERIALNO=2318
TCALDATE=28-Apr-19
TA0=-4.415346e-004
TA1= 3.861291e-004
TA2=-1.205864e-005
TA3= 4.307487e-007
CCALDATE=28-Apr-19
CG=-9.731302e-001
CH= 1.450500e-001
CI=-1.391798e-004
CJ= 3.458946e-005
CTCOR= 3.250000e-006
CPCOR=-9.570000e-008
WBOTC= 6.014050e-006
PCALDATE=No-Cal
PA0= 1.000000e+000
PA1= 0.000000e+000
PA2= 0.000000e+000
PTCA0= 0.000000e+000
PTCA1= 0.000000e+000
PTCA2= 0.000000e+000
PTCSB0= 0.000000e+000
PTCSB1= 0.000000e+000
PTCSB2= 0.000000e+000
RCALDATE=28-Apr-19
RTCA0= 9.999945e-001
RTCA1= 1.547130e-006
RTCA2=-3.277850e-008
