SERIALNO=0814
TCALDATE=14-Jan-25
TA0=-5.734530e-004
TA1= 4.353791e-004
TA2=-1.701847e-005
TA3= 5.939870e-007
PCALDATE=No-Cal
PA0= 1.000000e+000
PA1= 0.000000e+000
PA2= 0.000000e+000
PTCA0= 0.000000e+000
PTCA1= 0.000000e+000
PTCA2= 0.000000e+000
PTCB0= 1.000000e+000
PTCB1= 0.000000e+000
PTCB2= 0.000000e+000
PTHA0= 0.000000e+000
PTHA1= 0.000000e+000
PTHA2= 0.000000e+000
RCALDATE=04-Mar-15
RTCA0= 9.999990e-001
RTCA1= 1.526333e-006
RTCA2=-3.568707e-008
