INSTRUMENT_TYPE=SBE56
SERIALNO=04627
TCALDATE=25-Jun-14
TA0=-1.164424e-003
TA1= 3.329992e-004
TA2=-5.826954e-006
TA3= 1.867131e-007
