SERIALNO=1433
TCALDATE=08-May-24
TA0= 1.266391e-005
TA1= 2.817895e-004
TA2=-3.094127e-006
TA3= 1.679942e-007
PCALDATE=No-Cal
PA0= 1.000000e+000
PA1= 0.000000e+000
PA2= 0.000000e+000
PTCA0= 0.000000e+000
PTCA1= 0.000000e+000
PTCA2= 0.000000e+000
PTCB0= 0.000000e+000
PTCB1= 0.000000e+000
PTCB2= 0.000000e+000
PTHA0= 1.306924e-309
PTHA1= 1.186812e+151
PTHA2= 6.790387e-313
RCALDATE=No-Cal
RTCA0= 1.000000e+000
RTCA1= 0.000000e+000
RTCA2= 0.000000e+000
