SERIALNO=1636
TCALDATE=14-Jan-25
TA0=-1.998746e-004
TA1= 3.068314e-004
TA2=-4.409211e-006
TA3= 2.054871e-007
PCALDATE=03-Jan-25
PA0= 9.961119e-004
PA1= 2.407397e-002
PA2= 1.684360e-009
PTCA0=-2.734407e+001
PTCA1= 2.512260e-001
PTCA2=-1.158137e-002
PTCB0= 2.496113e+001
PTCB1=-1.575000e-003
PTCB2= 0.000000e+000
PTHA0=-8.801362e+001
PTHA1= 4.602598e-002
PTHA2=-3.750484e-007
RCALDATE=No-Cal
RTCA0= 1.000000e+000
RTCA1= 0.000000e+000
RTCA2= 0.000000e+000
