SERIALNO=2336
TCALDATE=21-May-21
TA0=-3.196031e-004
TA1= 3.664411e-004
TA2=-1.060443e-005
TA3= 3.987652e-007
CCALDATE=21-May-21
CG=-1.036612e+000
CH= 1.532940e-001
CI=-2.167941e-005
CJ= 2.954004e-005
CTCOR= 3.250000e-006
CPCOR=-9.570000e-008
WBOTC= 1.282732e-005
PCALDATE=26-Apr-21
PA0= 4.602769e-001
PA1= 6.907816e-002
PA2=-5.969886e-009
PTCA0= 5.684888e+001
PTCA1= 2.684368e-001
PTCA2= 1.175427e-003
PTCSB0= 2.507525e+001
PTCSB1= 6.500000e-004
PTCSB2= 0.000000e+000
RCALDATE=21-May-21
RTCA0= 1.000005e+000
RTCA1= 1.600715e-006
RTCA2=-3.533683e-008
