INSTRUMENT_TYPE=SBE43
SERIALNO=0910
OCALDATE=04-Dec-15
SOC= 4.822315e-001
VOFFSET=-5.065416e-001
A=-4.185938e-003
B= 1.796227e-004
C=-2.871095e-006
E= 3.600000e-002
Tau20= 1.260000e+000
