SERIALNO=2322
TCALDATE=25-May-21
TA0=-1.315654e-004
TA1= 3.132234e-004
TA2=-4.954778e-006
TA3= 2.148213e-007
CCALDATE=25-May-21
CG=-1.071160e+000
CH= 1.507293e-001
CI=-1.532051e-004
CJ= 3.743515e-005
CTCOR= 3.250000e-006
CPCOR=-9.570000e-008
WBOTC= 3.312010e-006
PCALDATE=No-Cal
PA0= 1.000000e+000
PA1= 0.000000e+000
PA2= 0.000000e+000
PTCA0= 0.000000e+000
PTCA1= 0.000000e+000
PTCA2= 0.000000e+000
PTCSB0= 0.000000e+000
PTCSB1= 0.000000e+000
PTCSB2= 0.000000e+000
RCALDATE=25-May-21
RTCA0= 1.000005e+000
RTCA1= 1.572737e-006
RTCA2=-3.308041e-008
