SERIALNO=2328
TCALDATE=08-Jun-23
TA0=-1.436261e-004
TA1= 3.131052e-004
TA2=-5.724744e-006
TA3= 2.467930e-007
CCALDATE=08-Jun-23
CG=-1.046550e+000
CH= 1.580445e-001
CI=-6.968762e-005
CJ= 3.343886e-005
CTCOR= 3.250000e-006
CPCOR=-9.570000e-008
WBOTC= 6.542869e-006
PCALDATE=No-Cal
PA0= 1.000000e+000
PA1= 0.000000e+000
PA2= 0.000000e+000
PTCA0= 0.000000e+000
PTCA1= 0.000000e+000
PTCA2= 0.000000e+000
PTCSB0= 0.000000e+000
PTCSB1= 0.000000e+000
PTCSB2= 0.000000e+000
RCALDATE=08-Jun-23
RTCA0= 1.000005e+000
RTCA1= 1.583142e-006
RTCA2=-3.071193e-008
