INSTRUMENT_TYPE=SBE4
SERIALNO=0304
CCALDATE=17-Mar-15
CG=-4.08344419e+000
CH= 4.34016227e-001
CI=-8.22544854e-004
CJ= 5.94619171e-005
CTCOR= 3.25000e-006
CPCOR=-9.57000e-008
