INSTRUMENT_TYPE=SBE43
SERIALNO=4077
OCALDATE=20-Nov-20
SOC= 5.720669e-001
VOFFSET=-4.903836e-001
A=-4.231022e-003
B= 1.484852e-004
C=-2.356588e-006
E= 3.600000e-002
Tau20= 1.300000e+000
