SERIALNO=2321
TCALDATE=16-Apr-23
TA0=-9.188881e-005
TA1= 3.035502e-004
TA2=-4.898970e-006
TA3= 2.231687e-007
CCALDATE=16-Apr-23
CG=-9.768744e-001
CH= 1.319336e-001
CI=-2.002522e-004
CJ= 3.621046e-005
CTCOR= 3.250000e-006
CPCOR=-9.570000e-008
WBOTC=-4.129372e-006
PCALDATE=No-Cal
PA0= 1.000000e+000
PA1= 0.000000e+000
PA2= 0.000000e+000
PTCA0= 0.000000e+000
PTCA1= 0.000000e+000
PTCA2= 0.000000e+000
PTCSB0= 0.000000e+000
PTCSB1= 0.000000e+000
PTCSB2= 0.000000e+000
RCALDATE=16-Apr-23
RTCA0= 9.999993e-001
RTCA1= 1.650119e-006
RTCA2=-3.229401e-008
