SERIALNO=2325
TCALDATE=21-Mar-24
TA0=-4.940849e-004
TA1= 4.087579e-004
TA2=-1.416076e-005
TA3= 4.976091e-007
CCALDATE=21-Mar-24
CG=-1.004181e+000
CH= 1.419646e-001
CI=-1.316227e-004
CJ= 3.405622e-005
CTCOR= 3.250000e-006
CPCOR=-9.570000e-008
WBOTC=-5.981172e-006
PCALDATE=No-Cal
PA0= 1.000000e+000
PA1= 0.000000e+000
PA2= 0.000000e+000
PTCA0= 0.000000e+000
PTCA1= 0.000000e+000
PTCA2= 0.000000e+000
PTCSB0= 0.000000e+000
PTCSB1= 0.000000e+000
PTCSB2= 0.000000e+000
RCALDATE=21-Mar-24
RTCA0= 9.999921e-001
RTCA1= 1.726214e-006
RTCA2=-3.122281e-008
