INSTRUMENT_TYPE=SBE3
SERIALNO=0710
TCALDATE=05-Feb-16
TG= 4.79548715e-003
TH= 6.77630782e-004
TI= 2.95437525e-005
TJ= 2.69728863e-006
TF0=1000.0
