SERIALNO=2333
TCALDATE=25-May-21
TA0=-9.739428e-005
TA1= 3.069901e-004
TA2=-5.365456e-006
TA3= 2.393133e-007
CCALDATE=25-May-21
CG=-9.890340e-001
CH= 1.543989e-001
CI=-1.922777e-004
CJ= 4.556251e-005
CTCOR= 3.250000e-006
CPCOR=-9.570000e-008
WBOTC= 9.247586e-006
PCALDATE=26-Apr-21
PA0=-1.722445e-001
PA1= 6.863073e-002
PA2=-5.599556e-009
PTCA0=-1.809813e+002
PTCA1= 8.686809e-002
PTCA2=-8.878875e-003
PTCSB0= 2.499438e+001
PTCSB1=-1.250000e-004
PTCSB2= 0.000000e+000
RCALDATE=25-May-21
RTCA0= 1.000008e+000
RTCA1= 1.275500e-006
RTCA2=-2.311731e-008
