INSTRUMENT_TYPE=SBE4
SERIALNO=0334
CCALDATE=28-Feb-19
CG=-4.22626406e+000
CH= 4.71314188e-001
CI=-3.88416944e-004
CJ= 4.32547196e-005
CTCOR= 3.25000e-006
CPCOR=-9.57000e-008
