INSTRUMENT_TYPE=SBE4
SERIALNO=0334
CCALDATE=06-Jun-23
CG=-4.23609580e+000
CH= 4.73434507e-001
CI=-8.01560956e-004
CJ= 6.41330406e-005
CTCOR= 3.25000e-006
CPCOR=-9.57000e-008
