SERIALNO=0653
TCALDATE=06-Feb-15
TG= 4.22765225e-003
TH= 5.91234274e-004
TI= 5.88750810e-006
TJ=-1.12505957e-006
CCALDATE=06-Feb-15
CG=-3.90121788e+000
CH= 4.66403833e-001
CI= 8.06990535e-004
CJ=-7.05648800e-006
CTCOR= 3.250000e-006
CPCOR=-9.570000e-008
PCALDATE=03-Feb-15
C1=-4.632406e+003
C2= 3.181590e-002
C3= 9.953970e-004
D1= 5.582800e-002
D2= 0.000000e+000
T1= 3.007308e+001
T2=-8.341980e-005
T3= 2.872030e-006
T4= 2.706510e-009
T5= 0.000000e+000
AD590M= 0.00000e+000
AD590B= 0.00000e+000
SLOPE= 9.999200e-001
OFFSET=-3.720760e-002
