SERIALNO=2331
TCALDATE=26-May-21
TA0=-2.374721e-004
TA1= 3.583729e-004
TA2=-1.167879e-005
TA3= 4.822659e-007
CCALDATE=26-May-21
CG=-9.628668e-001
CH= 1.363015e-001
CI=-9.738192e-005
CJ= 3.011768e-005
CTCOR= 3.250000e-006
CPCOR=-9.570000e-008
WBOTC=-4.419334e-006
PCALDATE=No-Cal
PA0= 1.000000e+000
PA1= 0.000000e+000
PA2= 0.000000e+000
PTCA0= 0.000000e+000
PTCA1= 0.000000e+000
PTCA2= 0.000000e+000
PTCSB0= 0.000000e+000
PTCSB1= 0.000000e+000
PTCSB2= 0.000000e+000
RCALDATE=26-May-21
RTCA0= 1.000001e+000
RTCA1= 1.560616e-006
RTCA2=-3.434115e-008
