SERIALNO=1638
TCALDATE=25-Apr-24
TA0=-2.300910e-004
TA1= 3.074387e-004
TA2=-4.419623e-006
TA3= 2.036216e-007
PCALDATE=22-Apr-24
PA0= 9.710606e-002
PA1= 2.404672e-002
PA2= 1.595879e-009
PTCA0=-2.351141e+001
PTCA1= 4.160489e-001
PTCA2=-1.053846e-002
PTCB0= 2.498363e+001
PTCB1=-1.275000e-003
PTCB2= 0.000000e+000
PTHA0=-8.968978e+001
PTHA1= 4.542910e-002
PTHA2=-3.475642e-007
RCALDATE=No-Cal
RTCA0= 1.000000e+000
RTCA1= 0.000000e+000
RTCA2= 0.000000e+000
