INSTRUMENT_TYPE=SEACATPLUS
SERIALNO=6902
TCALDATE=13-Jun-24
TA0= 1.265687e-003
TA1= 2.655117e-004
TA2= 2.128372e-007
TA3= 1.255161e-007
CCALDATE=13-Jun-24
CG=-9.947836e-001
CH= 1.559633e-001
CI=-3.803224e-004
CJ= 5.129043e-005
CTCOR= 3.250000e-006
CPCOR=-9.570000e-008
PCALDATE=No-Cal
PA0= 1.000000e+000
PA1= 0.000000e+000
PA2= 0.000000e+000
PTCA0= 0.000000e+000
PTCA1= 0.000000e+000
PTCA2= 0.000000e+000
PTCB0= 0.000000e+000
PTCB1= 0.000000e+000
PTCB2= 0.000000e+000
PTEMPA0= 0.000000e+000
PTEMPA1= 0.000000e+000
PTEMPA2= 0.000000e+000
